9.40228 1.82769 -3.88093 -2.00721 0.97082 4.07877 -4.40958 -2.39709 -0.715146 -0.576198 0.425816 -0.441405 -0.56644 0.263613 2.34235 -8.87558 1.82769 10.0547 1.17097 -5.63408 0.364034 -2.33947 -11.043 -5.41657 -0.368066 -0.301446 -0.00600597 -0.535678 -0.0639732 -0.469766 1.72402 4.08403 -3.88093 1.17097 13.237 -3.55059 -1.74373 -13.9879 -0.901849 -0.998106 0.0316633 0.75166 -0.939563 0.319163 -0.161896 -0.492896 -6.42589 12.4588 -2.00721 -5.63408 -3.55059 9.26084 -0.575001 6.08693 7.99503 3.16736 0.504717 1.55242 0.0540549 -0.421485 0.113634 0.0255114 2.91451 -6.12045 0.97082 0.364034 -1.74373 -0.575001 2.80755 0.400892 -0.544582 -1.748 -0.229747 -0.827015 0.0361722 -0.0901187 0.110245 -0.175569 0.307844 -0.937509 4.07877 -2.33947 -13.9879 6.08693 0.400892 47.9362 4.29044 -2.52072 0.548106 -0.975691 0.355817 -0.274768 0.487767 0.4104 7.59004 -44.4891 -4.40958 -11.043 -0.901849 7.99503 -0.544582 4.29044 17.1331 4.2247 0.908365 -0.0718471 0.147534 -0.924877 0.407719 0.48736 -3.18527 -2.55705 -2.39709 -5.41657 -0.998106 3.16736 -1.748 -2.52072 4.2247 18.663 1.37863 1.5114 -0.172304 0.637938 0.103109 -0.225459 -4.50356 -2.02755 -0.715146 -0.368066 0.0316633 0.504717 -0.229747 0.548106 0.908365 1.37863 2.0211 0.144785 -0.145657 0.311054 0.196915 -0.213853 -1.06658 0.103353 -0.576198 -0.301446 0.75166 1.55242 -0.827015 -0.975691 -0.0718471 1.5114 0.144785 5.41223 -0.354033 -0.242739 0.0534278 -0.396082 -0.584829 1.15245 0.425816 -0.00600597 -0.939563 0.0540549 0.0361722 0.355817 0.147534 -0.172304 -0.145657 -0.354033 0.641554 0.0176499 -0.155865 -0.0394085 -0.082289 0.253099 -0.441405 -0.535678 0.319163 -0.421485 -0.0901187 -0.274768 -0.924877 0.637938 0.311054 -0.242739 0.0176499 3.21989 0.034384 0.0769247 0.809488 -2.30178 -0.56644 -0.0639732 -0.161896 0.113634 0.110245 0.487767 0.407719 0.103109 0.196915 0.0534278 -0.155865 0.034384 0.550384 -0.0386239 -0.159302 -0.0682185 0.263613 -0.469766 -0.492896 0.0255114 -0.175569 0.4104 0.48736 -0.225459 -0.213853 -0.396082 -0.0394085 0.0769247 -0.0386239 0.949031 0.620839 -0.910515 2.34235 1.72402 -6.42589 2.91451 0.307844 7.59004 -3.18527 -4.50356 -1.06658 -0.584829 -0.082289 0.809488 -0.159302 0.620839 24.3977 -22.3042 -8.87558 4.08403 12.4588 -6.12045 -0.937509 -44.4891 -2.55705 -2.02755 0.103353 1.15245 0.253099 -2.30178 -0.0682185 -0.910515 -22.3042 65.4191
8.98943 1.72748 -4.06596 -1.19566 0.414724 4.11761 -5.00185 0.156058 -0.197626 1.03839 0.0234696 -0.898413 -0.0639328 0.0954807 -0.027298 -6.96462 1.72748 6.96014 -0.0710026 -2.62621 -0.173292 -3.42908 -7.37897 -1.19398 0.276058 0.98275 0.0205068 -1.20951 -0.00502091 -0.516295 0.154038 5.09741 -4.06596 -0.0710026 13.5705 -3.31981 -1.49125 -13.777 1.9028 -2.89911 -0.317787 -0.247935 -0.389457 1.1799 -0.627237 0.4393 -3.53462 8.75848 -1.19566 -2.62621 -3.31981 6.79856 -0.223274 6.56701 3.61002 1.49943 0.574928 0.557804 -0.115041 0.139258 0.0503446 -0.0576167 2.69693 -5.75555 0.414724 -0.173292 -1.49125 -0.223274 3.32962 0.147963 -0.609367 -1.86135 0.431812 -0.659824 -0.180233 0.391493 0.327881 -0.387907 -1.13319 0.31352 4.11761 -3.42908 -13.777 6.56701 0.147963 47.9576 2.77844 -1.56659 1.07706 -1.78933 -0.540093 0.70415 1.13202 -0.0280533 6.94447 -43.9703 -5.00185 -7.37897 1.9028 3.61002 -0.609367 2.77844 12.0561 0.506532 -0.479188 -1.56559 0.0801479 0.778987 0.111208 0.609993 -0.651616 -2.67658 0.156058 -1.19398 -2.89911 1.49943 -1.86135 -1.56659 0.506532 15.1334 0.381882 1.00188 0.525064 -0.64763 -0.622475 -0.582882 -1.86873 -1.78309 -0.197626 0.276058 -0.317787 0.574928 0.431812 1.07706 -0.479188 0.381882 1.83967 0.300519 -0.0879163 0.553861 0.0988947 -0.284639 -0.71487 -0.713756 1.03839 0.98275 -0.247935 0.557804 -0.659824 -1.78933 -1.56559 1.00188 0.300519 5.53665 0.083123 -0.379006 -0.397068 -0.483298 -0.365132 1.89714 0.0234696 0.0205068 -0.389457 -0.115041 -0.180233 -0.540093 0.0801479 0.525064 -0.0879163 0.083123 0.570945 0.00762557 -0.194296 -0.176913 -0.477259 1.07608 -0.898413 -1.20951 1.1799 0.139258 0.391493 0.70415 0.778987 -0.64763 0.553861 -0.379006 0.00762557 3.40334 0.126349 0.270272 -0.486653 -2.71211 -0.0639328 -0.00502091 -0.627237 0.0503446 0.327881 1.13202 0.111208 -0.622475 0.0988947 -0.397068 -0.194296 0.126349 0.708718 -0.100208 -0.112728 -0.2318 0.0954807 -0.516295 0.4393 -0.0576167 -0.387907 -0.0280533 0.609993 -0.582882 -0.284639 -0.483298 -0.176913 0.270272 -0.100208 0.972336 0.558625 -0.74627 -0.027298 0.154038 -3.53462 2.69693 -1.13319 6.94447 -0.651616 -1.86873 -0.71487 -0.365132 -0.477259 -0.486653 -0.112728 0.558625 19.3045 -18.4647 -6.96462 5.09741 8.75848 -5.75555 0.31352 -43.9703 -2.67658 -1.78309 -0.713756 1.89714 1.07608 -2.71211 -0.2318 -0.74627 -18.4647 62.1484
9.2666 0.674184 -4.52475 -0.490718 0.556906 6.15727 -3.60294 -2.12145 -1.1388 0.645511 -0.0558858 -0.887806 0.167916 1.17906 0.725397 -8.86033 0.674184 8.00489 1.4831 -3.31824 -0.17122 -2.9571 -8.15022 -2.64245 -0.34966 0.968384 -0.266599 -1.10733 0.418398 -0.270166 0.48884 4.97146 -4.52475 1.4831 13.4349 -2.50742 -1.64501 -15.9813 0.452805 -2.13249 0.520843 0.481181 -0.759327 -0.396825 -0.618306 -0.599495 -6.8182 16.4971 -0.490718 -3.31824 -2.50742 6.61695 0.414411 5.10705 4.30821 0.00272188 0.551504 0.627508 -0.0220507 0.203048 -0.201846 0.0949075 3.79427 -7.10048 0.556906 -0.17122 -1.64501 0.414411 3.87454 0.287867 -0.357562 -1.91734 0.324985 -0.326556 -0.362343 0.870701 0.0125526 -0.234707 0.119923 -1.72434 6.15727 -2.9571 -15.9813 5.10705 0.287867 46.9665 1.98217 0.356502 -0.287401 -1.15641 0.00289932 -0.239099 1.09127 0.950108 12.0015 -49.4276 -3.60294 -8.15022 0.452805 4.30821 -0.357562 1.98217 12.3481 1.91725 0.554146 -1.42034 0.380003 0.531398 -0.398416 0.089463 -1.3892 -2.3209 -2.12145 -2.64245 -2.13249 0.00272188 -1.91734 0.356502 1.91725 16.096 0.103597 -0.750597 0.491776 1.60607 -0.0477172 0.0925527 -3.87161 -2.99397 -1.1388 -0.34966 0.520843 0.551504 0.324985 -0.287401 0.554146 0.103597 1.92111 -0.257318 -0.179153 0.519548 -0.115218 -0.0275614 -0.137091 0.15866 0.645511 0.968384 0.481181 0.627508 -0.326556 -1.15641 -1.42034 -0.750597 -0.257318 4.83141 -0.0973154 -0.655366 0.0689818 -0.531887 -0.36467 1.74761 -0.0558858 -0.266599 -0.759327 -0.0220507 -0.362343 0.00289932 0.380003 0.491776 -0.179153 -0.0973154 0.723339 0.0651703 -0.0529104 -0.295101 -0.106968 0.625205 -0.887806 -1.10733 -0.396825 0.203048 0.870701 -0.239099 0.531398 1.60607 0.519548 -0.655366 0.0651703 3.40802 0.00627395 0.131923 0.0222425 -2.42308 0.167916 0.418398 -0.618306 -0.201846 0.0125526 1.09127 -0.398416 -0.0477172 -0.115218 0.0689818 -0.0529104 0.00627395 0.504143 -0.0300121 0.169384 -0.784012 1.17906 -0.270166 -0.599495 0.0949075 -0.234707 0.950108 0.089463 0.0925527 -0.0275614 -0.531887 -0.295101 0.131923 -0.0300121 1.26112 0.153202 -1.60798 0.725397 0.48884 -6.8182 3.79427 0.119923 12.0015 -1.3892 -3.87161 -0.137091 -0.36467 -0.106968 0.0222425 0.169384 0.153202 23.9883 -25.0706 -8.86033 4.97146 16.4971 -7.10048 -1.72434 -49.4276 -2.3209 -2.99397 0.15866 1.74761 0.625205 -2.42308 -0.784012 -1.60798 -25.0706 71.0915
8.19426 1.84794 -3.75032 -1.46084 0.271395 3.17125 -4.40942 -1.20833 -1.29684 1.1456 0.126246 -0.896089 -0.307096 0.348524 2.51303 -7.70038 1.84794 8.87285 1.00428 -4.61828 0.0952078 -3.31015 -8.7226 -1.28346 -0.278275 -0.525115 -0.444961 -0.964307 0.15087 -0.286387 1.70054 2.42857 -3.75032 1.00428 15.6451 -3.76999 -2.42482 -18.666 -0.292408 -3.26858 0.226669 -0.210447 -0.738203 0.161794 -0.165788 -0.413907 -5.36658 16.5105 -1.46084 -4.61828 -3.76999 7.23772 0.606041 7.37286 5.74619 0.870913 0.198515 1.10307 0.244443 0.279718 -0.131768 -0.171238 0.743083 -5.26655 0.271395 0.0952078 -2.42482 0.606041 3.46036 1.74653 0.221489 -2.13232 0.209198 -0.822317 -0.228674 0.425452 0.358049 -0.307618 1.00274 -2.56469 3.17125 -3.31015 -18.666 7.37286 1.74653 59.5409 2.51643 -0.0410622 0.386117 0.28911 0.696779 0.484429 0.607925 0.525282 7.29237 -54.3282 -4.40942 -8.7226 -0.292408 5.74619 0.221489 2.51643 12.6971 -0.179974 0.88278 -0.841456 0.426624 0.0764227 0.298344 0.200495 -2.75449 1.11624 -1.20833 -1.28346 -3.26858 0.870913 -2.13232 -0.0410622 -0.179974 19.1968 -0.329947 1.08377 0.487469 1.35565 -0.501625 0.0645332 -4.4088 -3.05987 -1.29684 -0.278275 0.226669 0.198515 0.209198 0.386117 0.88278 -0.329947 1.99583 -0.370873 -0.28758 0.135672 0.146811 0.0279047 -0.0782057 0.525102 1.1456 -0.525115 -0.210447 1.10307 -0.822317 0.28911 -0.841456 1.08377 -0.370873 5.23631 -0.0590976 -0.0656152 -0.334375 -0.349335 -0.598407 -0.50688 0.126246 -0.444961 -0.738203 0.244443 -0.228674 0.696779 0.426624 0.487469 -0.28758 -0.0590976 0.700074 0.120266 -0.211439 -0.223935 -0.573266 0.0520048 -0.896089 -0.964307 0.161794 0.279718 0.425452 0.484429 0.0764227 1.35565 0.135672 -0.0656152 0.120266 3.01808 -0.0957109 0.0781568 0.425925 -3.37582 -0.307096 0.15087 -0.165788 -0.131768 0.358049 0.607925 0.298344 -0.501625 0.146811 -0.334375 -0.211439 -0.0957109 0.612478 -0.0545264 -0.361538 0.0568656 0.348524 -0.286387 -0.413907 -0.171238 -0.307618 0.525282 0.200495 0.0645332 0.0279047 -0.349335 -0.223935 0.0781568 -0.0545264 1.00957 1.17516 -1.57293 2.51303 1.70054 -5.36658 0.743083 1.00274 7.29237 -2.75449 -4.4088 -0.0782057 -0.598407 -0.573266 0.425925 -0.361538 1.17516 23.1996 -23.1883 -7.70038 2.42857 16.5105 -5.26655 -2.56469 -54.3282 1.11624 -3.05987 0.525102 -0.50688 0.0520048 -3.37582 0.0568656 -1.57293 -23.1883 74.6646
8.96595 2.13256 -2.71377 -1.94831 0.424329 3.25964 -4.75618 -2.25479 -1.62373 0.418617 0.129533 -0.073506 -0.0226595 0.260188 -0.458836 -6.46406 2.13256 10.5002 1.29602 -4.90863 0.829383 -7.6142 -9.91901 -4.70095 -1.36659 -0.493829 -0.0480729 -1.61367 0.304503 -0.756925 -0.0777759 10.1253 -2.71377 1.29602 16.9489 -4.04066 -1.99025 -20.5901 -0.694981 -1.62948 0.0779707 0.310367 -0.782963 -1.08898 -0.796368 -0.0967251 -6.88572 16.3933 -1.94831 -4.90863 -4.04066 9.86785 -0.355911 9.31085 6.95247 1.07465 1.03993 1.38937 0.0837104 0.481548 0.184481 0.206539 2.80003 -8.02301 0.424329 0.829383 -1.99025 -0.355911 3.61439 -0.857403 -1.1268 -2.02971 0.037006 -0.478531 -0.0342018 0.366942 0.115131 -0.190137 0.244603 0.149237 3.25964 -7.6142 -20.5901 9.31085 -0.857403 62.5769 6.0273 2.07047 1.66 -1.46097 0.113329 3.87004 0.931009 0.758927 11.3372 -60.1684 -4.75618 -9.91901 -0.694981 6.95247 -1.1268 6.0273 13.8502 3.64353 1.94556 0.067423 0.248708 0.477535 -0.0600334 0.786534 0.297218 -6.66693 -2.25479 -4.70095 -1.62948 1.07465 -2.02971 2.07047 3.64353 19.2495 0.720254 1.23085 -0.272993 0.877074 -0.6219 0.11898 -1.50481 -9.37682 -1.62373 -1.36659 0.0779707 1.03993 0.037006 1.66 1.94556 0.720254 2.20087 -0.170194 -0.031101 0.518199 -0.0877517 0.0398867 -0.0370078 -1.45437 0.418617 -0.493829 0.310367 1.38937 -0.478531 -1.46097 0.067423 1.23085 -0.170194 4.64444 -0.0812831 -0.226547 -0.00731787 -0.280822 -3.01829 3.14811 0.129533 -0.0480729 -0.782963 0.0837104 -0.0342018 0.113329 0.248708 -0.272993 -0.031101 -0.0812831 0.802969 0.0976897 -0.218515 -0.242533 -0.507164 1.00073 -0.073506 -1.61367 -1.08898 0.481548 0.366942 3.87004 0.477535 0.877074 0.518199 -0.226547 0.0976897 3.09712 -0.0729357 0.422956 0.624347 -6.18943 -0.0226595 0.304503 -0.796368 0.184481 0.115131 0.931009 -0.0600334 -0.6219 -0.0877517 -0.00731787 -0.218515 -0.0729357 0.605111 0.0279277 0.202159 0.0153272 0.260188 -0.756925 -0.0967251 0.206539 -0.190137 0.758927 0.786534 0.11898 0.0398867 -0.280822 -0.242533 0.422956 0.0279277 1.26052 0.618252 -1.9576 -0.458836 -0.0777759 -6.88572 2.80003 0.244603 11.3372 0.297218 -1.50481 -0.0370078 -3.01829 -0.507164 0.624347 0.202159 0.618252 23.0273 -24.8976 -6.46406 10.1253 16.3933 -8.02301 0.149237 -60.1684 -6.66693 -9.37682 -1.45437 3.14811 1.00073 -6.18943 0.0153272 -1.9576 -24.8976 86.1088
10.7016 1.79177 -5.0435 -1.82223 1.05908 4.85019 -5.84246 -0.446001 -0.797672 0.65405 -0.133891 -0.85625 -0.198638 0.205015 1.76552 -10.116 1.79177 9.88198 1.98887 -5.61443 0.294194 -3.95644 -9.9673 -3.68766 -0.550808 -0.939289 -0.279212 0.520055 0.222225 0.109573 1.23613 3.61271 -5.0435 1.98887 13.57 -1.99151 -2.07393 -13.2347 -0.361188 -1.48124 -0.15234 -0.312414 -0.540175 0.415725 -0.597948 0.0789742 -3.58062 10.3985 -1.82223 -5.61443 -1.99151 8.39863 -0.790963 4.0956 6.64856 2.83961 0.666509 1.53843 0.0327506 -0.80598 -0.262724 -0.0159727 1.5787 -3.90113 1.05908 0.294194 -2.07393 -0.790963 3.47569 1.00424 -0.947231 -1.39178 0.141132 -0.55222 -0.106571 0.240314 0.125016 -0.38118 -0.292128 -1.73894 4.85019 -3.95644 -13.2347 4.0956 1.00424 41.0638 2.93772 -2.85347 1.76244 -1.13169 0.0491186 0.152391 0.800575 0.524284 4.86062 -36.6533 -5.84246 -9.9673 -0.361188 6.64856 -0.947231 2.93772 15.0282 2.81289 0.80648 -0.418087 0.503014 -1.26419 0.17837 0.0436288 -2.47827 0.959988 -0.446001 -3.68766 -1.48124 2.83961 -1.39178 -2.85347 2.81289 19.2612 -0.441179 2.21008 -0.426564 0.411816 -0.087687 -0.252441 -5.61528 -2.54617 -0.797672 -0.550808 -0.15234 0.666509 0.141132 1.76244 0.80648 -0.441179 2.24413 -0.174599 0.0476346 0.699756 0.0174797 -0.0220661 -2.07306 0.68764 0.65405 -0.939289 -0.312414 1.53843 -0.55222 -1.13169 -0.418087 2.21008 -0.174599 5.24709 -0.224963 -0.304195 -0.200045 -0.684123 -1.00826 0.97413 -0.133891 -0.279212 -0.540175 0.0327506 -0.106571 0.0491186 0.503014 -0.426564 0.0476346 -0.224963 0.776694 0.100326 -0.156199 -0.209087 -0.117028 0.859594 -0.85625 0.520055 0.415725 -0.80598 0.240314 0.152391 -1.26419 0.411816 0.699756 -0.304195 0.100326 3.04997 0.011037 0.215573 -0.194326 -1.63727 -0.198638 0.222225 -0.597948 -0.262724 0.125016 0.800575 0.17837 -0.087687 0.0174797 -0.200045 -0.156199 0.011037 0.603088 -0.0071392 -0.514225 0.359335 0.205015 0.109573 0.0789742 -0.0159727 -0.38118 0.524284 0.0436288 -0.252441 -0.0220661 -0.684123 -0.209087 0.215573 -0.0071392 1.14836 0.776667 -1.35472 1.76552 1.23613 -3.58062 1.5787 -0.292128 4.86062 -2.47827 -5.61528 -2.07306 -1.00826 -0.117028 -0.194326 -0.514225 0.776667 24.0413 -20.5981 -10.116 3.61271 10.3985 -3.90113 -1.73894 -36.6533 0.959988 -2.54617 0.68764 0.97413 0.859594 -1.63727 0.359335 -1.35472 -20.5981 60.0423
7.65514 1.04877 -3.93361 -0.513033 1.22512 3.95668 -3.53407 -1.68223 -0.695005 0.227377 0.109931 -0.370069 -0.0131142 0.0866709 2.2763 -8.01122 1.04877 11.0978 2.72575 -4.94411 0.357111 -6.89445 -10.5993 -4.2187 -0.739694 -0.610792 -0.0370436 -1.05639 -0.119335 -0.512511 -0.852685 10.1011 -3.93361 2.72575 15.7892 -4.22758 -1.02056 -16.4932 -1.85968 -3.03564 0.204945 -0.642054 -1.12035 0.301904 -0.21492 -0.579976 -8.6439 15.4102 -0.513033 -4.94411 -4.22758 7.44555 -1.15042 8.3533 6.25477 1.48368 0.38248 0.567795 0.168993 -0.152977 -0.0680806 0.382068 4.00126 -8.27639 1.22512 0.357111 -1.02056 -1.15042 3.57909 -1.62434 -0.645216 -2.05394 0.182645 -0.208326 -0.0983375 0.148442 0.203368 -0.23259 -0.589628 0.0281905 3.95668 -6.89445 -16.4932 8.3533 -1.62434 56.6816 5.39141 -0.367492 1.43516 -2.45664 0.362778 2.08649 0.613637 0.466148 15.5488 -58.5403 -3.53407 -10.5993 -1.85968 6.25477 -0.645216 5.39141 14.5491 3.1569 1.14876 0.214466 0.317623 0.0773982 0.112772 0.681349 -1.07946 -5.09255 -1.68223 -4.2187 -3.03564 1.48368 -2.05394 -0.367492 3.1569 21.0031 0.10635 1.43552 0.337725 0.136016 -0.144442 0.271917 -4.17968 -4.77454 -0.695005 -0.739694 0.204945 0.38248 0.182645 1.43516 1.14876 0.10635 1.93726 -0.438482 -0.231601 0.801502 0.148438 0.0691604 -0.853223 -1.47571 0.227377 -0.610792 -0.642054 0.567795 -0.208326 -2.45664 0.214466 1.43552 -0.438482 4.19023 0.105133 -0.0447136 -0.0882837 -0.0304024 -0.374881 2.11397 0.109931 -0.0370436 -1.12035 0.168993 -0.0983375 0.362778 0.317623 0.337725 -0.231601 0.105133 0.800484 -0.0732676 -0.215746 -0.232049 0.040955 0.314534 -0.370069 -1.05639 0.301904 -0.152977 0.148442 2.08649 0.0773982 0.136016 0.801502 -0.0447136 -0.0732676 2.87453 0.220424 0.0336705 0.246856 -4.68686 -0.0131142 -0.119335 -0.21492 -0.0680806 0.203368 0.613637 0.112772 -0.144442 0.148438 -0.0882837 -0.215746 0.220424 0.469665 0.0161574 0.0564733 -0.720167 0.0866709 -0.512511 -0.579976 0.382068 -0.23259 0.466148 0.681349 0.271917 0.0691604 -0.0304024 -0.232049 0.0336705 0.0161574 1.17582 0.287347 -0.535238 2.2763 -0.852685 -8.6439 4.00126 -0.589628 15.5488 -1.07946 -4.17968 -0.853223 -0.374881 0.040955 0.246856 0.0564733 0.287347 25.7469 -28.5109 -8.01122 10.1011 15.4102 -8.27639 0.0281905 -58.5403 -5.09255 -4.77454 -1.47571 2.11397 0.314534 -4.68686 -0.720167 -0.535238 -28.5109 85.0946
8.69125 0.503479 -5.09039 -1.01064 0.387884 6.55617 -3.26519 -1.48891 -0.436543 -0.0561083 -0.0205296 -1.13194 0.0788282 0.673398 1.98433 -9.6766 0.503479 8.77285 1.6451 -4.39931 0.494676 -7.1033 -7.87133 -3.76536 -0.321438 0.175799 -0.411522 -1.15275 0.33516 0.0302326 0.582015 8.7255 -5.09039 1.6451 14.5361 -2.32485 -0.707802 -18.7739 -0.34429 -2.33287 0.496038 0.862166 -0.610192 1.4035 -0.493663 -0.701827 -6.6419 16.7457 -1.01064 -4.39931 -2.32485 7.07323 -0.405291 7.82314 5.41282 0.73494 0.441734 -0.0789119 0.135298 0.265324 -0.0960008 -0.185807 2.62567 -8.07424 0.387884 0.494676 -0.707802 -0.405291 2.70098 -0.871583 -0.698879 -1.97164 0.349321 -0.346145 -0.184482 0.0934364 0.105325 -0.314449 -0.274784 0.450979 6.55617 -7.1033 -18.7739 7.82314 -0.871583 61.1345 4.77291 0.526042 0.397975 -0.57189 0.777225 -0.661326 0.473357 0.0568673 13.9478 -61.453 -3.26519 -7.87133 -0.34429 5.41282 -0.698879 4.77291 11.6362 2.36821 0.396189 -1.00472 0.438754 -0.0110273 -0.0516483 -0.192129 -1.29258 -3.8039 -1.48891 -3.76536 -2.33287 0.73494 -1.97164 0.526042 2.36821 19.7432 -0.481336 0.305216 0.587114 0.190809 -0.359954 0.215542 -6.72822 -2.60231 -0.436543 -0.321438 0.496038 0.441734 0.349321 0.397975 0.396189 -0.481336 1.83655 -0.407178 -0.122194 1.11703 0.0993383 -0.244725 -0.355413 -0.810339 -0.0561083 0.175799 0.862166 -0.0789119 -0.346145 -0.57189 -1.00472 0.305216 -0.407178 5.77031 -0.0706568 -0.184834 0.0718977 -0.312609 -1.25794 1.27667 -0.0205296 -0.411522 -0.610192 0.135298 -0.184482 0.777225 0.438754 0.587114 -0.122194 -0.0706568 0.728466 0.00254011 -0.191987 -0.262101 -0.544176 -0.0766991 -1.13194 -1.15275 1.4035 0.265324 0.0934364 -0.661326 -0.0110273 0.190809 1.11703 -0.184834 0.00254011 3.66284 -0.146767 0.0137117 -0.373111 -1.53842 0.0788282 0.33516 -0.493663 -0.0960008 0.105325 0.473357 -0.0516483 -0.359954 0.0993383 0.0718977 -0.191987 -0.146767 0.53801 0.00209312 0.0610511 0.0623922 0.673398 0.0302326 -0.701827 -0.185807 -0.314449 0.0568673 -0.192129 0.215542 -0.244725 -0.312609 -0.262101 0.0137117 0.00209312 1.234 0.122501 -0.031317 1.98433 0.582015 -6.6419 2.62567 -0.274784 13.9478 -1.29258 -6.72822 -0.355413 -1.25794 -0.544176 -0.373111 0.0610511 0.122501 23.8186 -25.0638 -9.6766 8.7255 16.7457 -8.07424 0.450979 -61.453 -3.8039 -2.60231 -0.810339 1.27667 -0.0766991 -1.53842 0.0623922 -0.031317 -25.0638 79.9476
7.51427 1.15779 -3.63165 -1.22437 0.595163 2.45682 -3.70856 -1.30886 -0.506953 0.30998 0.153391 -0.315927 0.2505 0.427133 0.543615 -4.94363 1.15779 11.8046 2.04158 -5.97679 1.23532 -9.33763 -12.0298 -3.46957 -0.475344 -0.629169 0.185494 -0.18177 -0.13166 -0.605028 1.07009 9.4554 -3.63165 2.04158 14.785 -2.47445 -1.74483 -19.3844 -1.22199 -1.46458 -0.754333 0.688285 -0.48613 -1.32231 -0.914743 -0.55552 -4.88479 16.1451 -1.22437 -5.97679 -2.47445 8.26525 -0.761039 8.77088 7.57468 0.576958 0.706582 0.662437 -0.278884 -0.0311032 0.227941 0.401744 2.14317 -8.23106 0.595163 1.23532 -1.74483 -0.761039 3.10939 -0.823636 -1.58745 -1.00373 0.152554 -0.328975 -0.100344 0.714111 0.181078 -0.416431 -0.299663 0.0515935 2.45682 -9.33763 -19.3844 8.77088 -0.823636 61.972 10.296 -0.303041 2.38147 -1.47326 0.347726 2.33674 1.00839 1.44886 12.2959 -59.6322 -3.70856 -12.0298 -1.22199 7.57468 -1.58745 10.296 16.5107 2.54436 0.868702 0.11237 -0.152937 -0.776935 0.357826 0.347172 -1.87939 -7.63513 -1.30886 -3.46957 -1.46458 0.576958 -1.00373 -0.303041 2.54436 16.8065 0.0311286 0.758715 -0.0608552 -0.114535 -0.397607 -0.415818 -3.12056 -4.9722 -0.506953 -0.475344 -0.754333 0.706582 0.152554 2.38147 0.868702 0.0311286 1.53045 -0.0910248 0.0309582 0.544773 -0.081741 0.110885 0.0910787 -1.94627 0.30998 -0.629169 0.688285 0.662437 -0.328975 -1.47326 0.11237 0.758715 -0.0910248 4.79814 -0.461048 -0.640937 0.0166672 -0.210853 -0.272925 0.772018 0.153391 0.185494 -0.48613 -0.278884 -0.100344 0.347726 -0.152937 -0.0608552 0.0309582 -0.461048 0.774544 0.150592 -0.229449 -0.204004 -0.489376 0.527941 -0.315927 -0.18177 -1.32231 -0.0311032 0.714111 2.33674 -0.776935 -0.114535 0.544773 -0.640937 0.150592 2.94145 0.0974013 0.241635 -0.0212729 -2.97577 0.2505 -0.13166 -0.914743 0.227941 0.181078 1.00839 0.357826 -0.397607 -0.081741 0.0166672 -0.229449 0.0974013 0.631314 0.0197343 -0.2207 -0.172865 0.427133 -0.605028 -0.55552 0.401744 -0.416431 1.44886 0.347172 -0.415818 0.110885 -0.210853 -0.204004 0.241635 0.0197343 1.01647 0.289244 -1.28028 0.543615 1.07009 -4.88479 2.14317 -0.299663 12.2959 -1.87939 -3.12056 0.0910787 -0.272925 -0.489376 -0.0212729 -0.2207 0.289244 23.1002 -26.1127 -4.94363 9.4554 16.1451 -8.23106 0.0515935 -59.6322 -7.63513 -4.9722 -1.94627 0.772018 0.527941 -2.97577 -0.172865 -1.28028 -26.1127 80.2656
8.25623 2.56772 -3.18358 -1.46495 0.902293 3.62066 -5.08676 -3.85735 -0.238864 0.871319 0.252738 -0.784888 0.167871 0.403083 2.88073 -7.43971 2.56772 10.1041 2.57827 -4.99341 0.288198 -7.31905 -10.5661 -6.50033 -0.554827 0.0900419 0.278124 -0.921056 0.0647753 0.0437573 0.877204 8.95018 -3.18358 2.57827 18.4382 -4.24952 -1.36033 -25.1325 -3.06542 -4.92326 -1.10975 2.42446 -0.941194 -0.22683 -0.846441 0.219154 -8.77385 23.2256 -1.46495 -4.99341 -4.24952 8.65092 -1.00642 11.1547 6.11611 3.6477 1.01376 1.02848 -0.0335106 -0.1643 -0.30219 -0.407577 3.98535 -11.7456 0.902293 0.288198 -1.36033 -1.00642 3.76208 -0.499906 -0.588321 -2.25896 0.356946 -0.267105 -0.370761 0.243963 0.296269 -0.32269 -0.589478 -0.511131 3.62066 -7.31905 -25.1325 11.1547 -0.499906 62.1967 9.51842 6.96869 2.33471 -3.32591 0.997119 -0.226513 0.980433 -0.418904 15.3658 -61.0747 -5.08676 -10.5661 -3.06542 6.11611 -0.588321 9.51842 15.7833 6.58439 0.925297 -1.04973 0.00131088 0.143451 0.164469 -0.060193 -2.47651 -7.78544 -3.85735 -6.50033 -4.92326 3.6477 -2.25896 6.96869 6.58439 20.2537 0.209871 -1.18587 0.19381 0.86715 -0.240689 -0.552787 -3.67211 -8.61532 -0.238864 -0.554827 -1.10975 1.01376 0.356946 2.33471 0.925297 0.209871 1.79966 -0.485154 -0.222994 0.47085 -0.0604972 0.218242 1.01496 -2.94195 0.871319 0.0900419 2.42446 1.02848 -0.267105 -3.32591 -1.04973 -1.18587 -0.485154 5.14748 -0.270356 -0.538995 -0.440435 -0.457788 -1.35925 3.02124 0.252738 0.278124 -0.941194 -0.0335106 -0.370761 0.997119 0.00131088 0.19381 -0.222994 -0.270356 0.794738 0.0947956 -0.104503 -0.22829 0.174367 -0.406451 -0.784888 -0.921056 -0.22683 -0.1643 0.243963 -0.226513 0.143451 0.86715 0.47085 -0.538995 0.0947956 3.90534 0.0452072 0.0446376 0.240255 -2.21482 0.167871 0.0647753 -0.846441 -0.30219 0.296269 0.980433 0.164469 -0.240689 -0.0604972 -0.440435 -0.104503 0.0452072 0.691113 0.0467428 -0.43598 -0.100572 0.403083 0.0437573 0.219154 -0.407577 -0.32269 -0.418904 -0.060193 -0.552787 0.218242 -0.457788 -0.22829 0.0446376 0.0467428 1.33138 -0.163027 0.4892 2.88073 0.877204 -8.77385 3.98535 -0.589478 15.3658 -2.47651 -3.67211 1.01496 -1.35925 0.174367 0.240255 -0.43598 -0.163027 25.5568 -28.7266 -7.43971 8.95018 23.2256 -11.7456 -0.511131 -61.0747 -7.78544 -8.61532 -2.94195 3.02124 -0.406451 -2.21482 -0.100572 0.4892 -28.7266 81.4474
7.31588 1.57358 -2.7698 -1.41957 0.704772 3.35948 -4.08642 -1.38616 -0.335705 -0.161818 -0.0690036 0.359609 0.163115 0.640787 3.08012 -8.77857 1.57358 9.38449 1.5533 -5.48404 0.916182 -7.62948 -9.5872 -3.58863 -0.387813 -0.263453 0.0744921 0.0713041 -0.0228287 0.262615 0.598867 8.12315 -2.7698 1.5533 16.1576 -1.9866 -1.55351 -18.8638 -0.0935476 -4.64974 -0.495627 1.18559 -1.36668 -1.50146 -0.834752 -0.251013 -5.45852 15.7277 -1.41957 -5.48404 -1.9866 8.2004 -0.4863 6.88392 7.09224 2.14282 0.778321 0.80463 -0.133781 -0.34478 0.0729545 -0.282831 0.819297 -6.96298 0.704772 0.916182 -1.55351 -0.4863 3.60571 -1.89859 -1.4528 -2.88663 0.318663 -0.305814 -0.0494441 0.409336 0.0476079 -0.357505 0.779252 0.907718 3.35948 -7.62948 -18.8638 6.88392 -1.89859 60.6634 5.5989 4.36322 1.00686 -1.65988 0.7248 2.14893 1.38018 -0.165351 13.4906 -61.1311 -4.08642 -9.5872 -0.0935476 7.09224 -1.4528 5.5989 13.9651 3.29597 0.708463 0.0561076 -0.0985896 -1.65824 0.0233653 -0.0505493 -3.5062 -2.47716 -1.38616 -3.58863 -4.64974 2.14282 -2.88663 4.36322 3.29597 19.5347 0.0316821 0.255318 0.353643 0.885407 0.311236 -0.0930109 -2.86932 -7.31939 -0.335705 -0.387813 -0.495627 0.778321 0.318663 1.00686 0.708463 0.0316821 1.73608 -0.373831 -0.091458 0.246354 0.0451803 0.0551725 0.394474 -1.34054 -0.161818 -0.263453 1.18559 0.80463 -0.305814 -1.65988 0.0561076 0.255318 -0.373831 5.40415 -0.494943 0.0123239 0.0127751 -0.0953776 -1.27179 2.1953 -0.0690036 0.0744921 -1.36668 -0.133781 -0.0494441 0.7248 -0.0985896 0.353643 -0.091458 -0.494943 0.93022 0.331217 -0.133533 -0.31842 -0.109469 0.198112 0.359609 0.0713041 -1.50146 -0.34478 0.409336 2.14893 -1.65824 0.885407 0.246354 0.0123239 0.331217 3.36019 0.0822484 -0.29282 1.73809 -4.96338 0.163115 -0.0228287 -0.834752 0.0729545 0.0476079 1.38018 0.0233653 0.311236 0.0451803 0.0127751 -0.133533 0.0822484 0.512832 -0.0839047 0.160382 -1.08374 0.640787 0.262615 -0.251013 -0.282831 -0.357505 -0.165351 -0.0505493 -0.0930109 0.0551725 -0.0953776 -0.31842 -0.29282 -0.0839047 1.3185 0.272968 0.0326019 3.08012 0.598867 -5.45852 0.819297 0.779252 13.4906 -3.5062 -2.86932 0.394474 -1.27179 -0.109469 1.73809 0.160382 0.272968 22.8614 -30.3892 -8.77857 8.12315 15.7277 -6.96298 0.907718 -61.1311 -2.47716 -7.31939 -1.34054 2.1953 0.198112 -4.96338 -1.08374 0.0326019 -30.3892 89.1862
8.38884 1.60657 -2.65115 -1.32809 0.839057 1.98604 -4.8976 -1.79889 -0.751563 1.71713 0.142429 0.575871 -0.121545 0.595482 1.08703 -6.57151 1.60657 8.95218 1.71817 -4.60983 -0.0250942 -4.59759 -9.39011 -2.47227 0.126755 0.345331 -0.269747 -0.748766 0.273969 0.287614 0.718682 5.15932 -2.65115 1.71817 16.1459 -3.15469 -3.75148 -15.6505 -0.469015 -2.15075 -0.369411 -0.517137 -0.645008 -0.780426 -0.292153 -0.0214741 -7.1398 13.2595 -1.32809 -4.60983 -3.15469 7.14401 -0.0390482 6.05769 5.31495 0.17011 0.18719 0.773778 0.103609 0.445035 0.0224686 -0.23976 2.98461 -5.87806 0.839057 -0.0250942 -3.75148 -0.0390482 4.44172 0.521929 -0.624451 -0.397563 0.515447 -0.23632 -0.0962939 0.529653 0.0912891 -0.266454 0.145031 -1.49962 1.98604 -4.59759 -15.6505 6.05769 0.521929 52.6839 3.87692 -2.88271 -0.588854 -0.622496 0.140056 0.821505 0.204124 -0.592437 16.2425 -53.6215 -4.8976 -9.39011 -0.469015 5.31495 -0.624451 3.87692 14.3926 2.75034 0.0973823 -1.52649 0.266112 -0.748622 -0.274914 -0.270845 -2.04889 -1.8218 -1.79889 -2.47227 -2.15075 0.17011 -0.397563 -2.88271 2.75034 17.9694 0.17303 0.122564 -0.23875 -0.497393 0.0267119 -0.918537 -3.48435 -1.71302 -0.751563 0.126755 -0.369411 0.18719 0.515447 -0.588854 0.0973823 0.17303 2.17578 0.0905965 -0.279446 0.409519 0.0266003 0.103054 0.209451 0.520898 1.71713 0.345331 -0.517137 0.773778 -0.23632 -0.622496 -1.52649 0.122564 0.0905965 6.00518 -0.368044 0.254985 0.0370634 -0.298911 -0.0561617 0.0288316 0.142429 -0.269747 -0.645008 0.103609 -0.0962939 0.140056 0.266112 -0.23875 -0.279446 -0.368044 0.772466 0.317779 -0.173438 -0.0988892 -0.0745391 0.420007 0.575871 -0.748766 -0.780426 0.445035 0.529653 0.821505 -0.748622 -0.497393 0.409519 0.254985 0.317779 3.00506 -0.121727 0.0401158 0.876701 -2.94075 -0.121545 0.273969 -0.292153 0.0224686 0.0912891 0.204124 -0.274914 0.0267119 0.0266003 0.0370634 -0.173438 -0.121727 0.51388 -0.13062 -0.262705 0.509123 0.595482 0.287614 -0.0214741 -0.23976 -0.266454 -0.592437 -0.270845 -0.918537 0.103054 -0.298911 -0.0988892 0.0401158 -0.13062 1.26102 0.404073 0.422064 1.08703 0.718682 -7.1398 2.98461 0.145031 16.2425 -2.04889 -3.48435 0.209451 -0.0561617 -0.0745391 0.876701 -0.262705 0.404073 21.8698 -27.4603 -6.57151 5.15932 13.2595 -5.87806 -1.49962 -53.6215 -1.8218 -1.71302 0.520898 0.0288316 0.420007 -2.94075 0.509123 0.422064 -27.4603 76.7042
8.80224 1.88499 -3.29347 -1.77819 0.989852 2.77006 -4.43191 -1.5207 -0.669801 -0.0671337 0.185146 -0.665388 -0.127027 0.540423 -0.423648 -5.73553 1.88499 10.1497 0.344582 -4.65044 0.80724 -4.43193 -10.2076 -2.41793 -0.553984 -0.539469 -0.416721 -0.171568 0.391298 0.292561 -0.0431153 5.86025 -3.29347 0.344582 17.1783 -2.45753 -2.23219 -24.0187 0.113922 -1.85693 0.0791803 0.512624 -0.694648 0.952789 -0.48022 -0.115455 -7.31036 19.1301 -1.77819 -4.65044 -2.45753 7.07379 -0.407242 5.81765 5.56578 0.267567 0.581292 1.02361 0.122147 -0.27774 -0.0503485 -0.357637 4.09578 -6.04177 0.989852 0.80724 -2.23219 -0.407242 4.04349 0.168539 -1.68461 -1.35801 0.211568 -0.516434 -0.308095 0.811457 0.302437 -0.368348 1.14893 -2.38452 2.77006 -4.43193 -24.0187 5.81765 0.168539 73.8757 7.7183 -2.35256 0.859458 -1.801 -0.0508599 -2.94962 0.97686 0.918617 16.3989 -66.7946 -4.43191 -10.2076 0.113922 5.56578 -1.68461 7.7183 15.4107 0.900501 0.812305 -0.31678 0.744812 -1.12675 -0.328173 -0.132198 -0.581186 -6.02131 -1.5207 -2.41793 -1.85693 0.267567 -1.35801 -2.35256 0.900501 17.2841 -1.14419 0.143561 -0.289372 0.905565 0.0565932 -0.16869 -0.940015 -4.28918 -0.669801 -0.553984 0.0791803 0.581292 0.211568 0.859458 0.812305 -1.14419 2.23046 -0.425798 0.0487094 0.748441 0.00565203 0.0992819 0.0388752 -0.383678 -0.0671337 -0.539469 0.512624 1.02361 -0.516434 -1.801 -0.31678 0.143561 -0.425798 4.53656 -0.28648 -0.436835 -0.0560119 -0.338355 -0.169915 1.96846 0.185146 -0.416721 -0.694648 0.122147 -0.308095 -0.0508599 0.744812 -0.289372 0.0487094 -0.28648 1.03672 0.225811 -0.313092 -0.308726 -1.41829 1.93509 -0.665388 -0.171568 0.952789 -0.27774 0.811457 -2.94962 -1.12675 0.905565 0.748441 -0.436835 0.225811 3.56674 0.022277 -0.0146326 -0.0766501 -0.26894 -0.127027 0.391298 -0.48022 -0.0503485 0.302437 0.97686 -0.328173 0.0565932 0.00565203 -0.0560119 -0.313092 0.022277 0.491231 0.107457 0.515576 -1.03348 0.540423 0.292561 -0.115455 -0.357637 -0.368348 0.918617 -0.132198 -0.16869 0.0992819 -0.338355 -0.308726 -0.0146326 0.107457 1.07913 0.509598 -1.5017 -0.423648 -0.0431153 -7.31036 4.09578 1.14893 16.3989 -0.581186 -0.940015 0.0388752 -0.169915 -1.41829 -0.0766501 0.515576 0.509598 20.8654 -27.362 -5.73553 5.86025 19.1301 -6.04177 -2.38452 -66.7946 -6.02131 -4.28918 -0.383678 1.96846 1.93509 -0.26894 -1.03348 -1.5017 -27.362 85.473
9.00749 1.99217 -1.59475 -2.30458 0.473869 2.30747 -5.25761 -2.89506 -0.685423 0.764457 0.543267 -0.590756 0.0377323 0.157042 -0.05988 -6.05698 1.99217 8.94512 0.204233 -5.05869 0.9942 -4.731 -10.2607 -4.53935 -0.430455 -0.336371 -0.443153 0.130609 0.754888 0.0776499 -1.36147 8.16385 -1.59475 0.204233 13.3976 -2.35691 -1.48721 -14.7054 0.00249762 -3.53142 -0.0476028 0.716739 -0.746076 -0.558028 -0.419543 -0.351424 -7.94033 14.4656 -2.30458 -5.05869 -2.35691 8.38759 -0.630077 6.6038 6.89792 2.35901 0.447454 0.172546 0.001026 -0.378899 -0.406083 -0.0935296 5.32043 -8.96063 0.473869 0.9942 -1.48721 -0.630077 3.23252 -2.10059 -1.34029 -1.14849 -0.00625667 -0.543397 -0.0130811 0.388957 0.105244 -0.410092 -0.238188 1.25321 2.30747 -4.731 -14.7054 6.6038 -2.10059 59.7392 3.82428 3.28125 1.03002 -1.01774 0.027723 1.38795 0.172779 0.154785 18.3656 -66.6258 -5.25761 -10.2607 0.00249762 6.89792 -1.34029 3.82428 17.3239 4.2856 0.520612 -0.0513489 0.56698 -1.45226 -0.793083 -0.0532443 0.608797 -4.48334 -2.89506 -4.53935 -3.53142 2.35901 -1.14849 3.28125 4.2856 18.4467 0.515855 -0.0714478 0.0288949 0.904995 -0.518148 -0.0715646 0.826711 -10.2331 -0.685423 -0.430455 -0.0476028 0.447454 -0.00625667 1.03002 0.520612 0.515855 1.49637 -0.375673 -0.14287 0.592693 0.0233686 -0.0034722 0.0831041 -1.37697 0.764457 -0.336371 0.716739 0.172546 -0.543397 -1.01774 -0.0513489 -0.0714478 -0.375673 4.31897 -0.0813758 -0.602077 -0.0834872 -0.16288 -1.73656 1.93294 0.543267 -0.443153 -0.746076 0.001026 -0.0130811 0.027723 0.56698 0.0288949 -0.14287 -0.0813758 0.697878 -0.0187033 -0.167294 -0.217499 0.0132607 0.0104006 -0.590756 0.130609 -0.558028 -0.378899 0.388957 1.38795 -1.45226 0.904995 0.592693 -0.602077 -0.0187033 3.24999 -0.0974017 0.0641429 1.55561 -4.35398 0.0377323 0.754888 -0.419543 -0.406083 0.105244 0.172779 -0.793083 -0.518148 0.0233686 -0.0834872 -0.167294 -0.0974017 0.698612 -0.131859 -0.0805604 0.623396 0.157042 0.0776499 -0.351424 -0.0935296 -0.410092 0.154785 -0.0532443 -0.0715646 -0.0034722 -0.16288 -0.217499 0.0641429 -0.131859 1.15506 -0.0765547 0.434523 -0.05988 -1.36147 -7.94033 5.32043 -0.238188 18.3656 0.608797 0.826711 0.0831041 -1.73656 0.0132607 1.55561 -0.0805604 -0.0765547 23.7765 -33.3253 -6.05698 8.16385 14.4656 -8.96063 1.25321 -66.6258 -4.48334 -10.2331 -1.37697 1.93294 0.0104006 -4.35398 0.623396 0.434523 -33.3253 98.5218
7.74603 1.70621 -3.13247 -1.79807 1.25507 4.23953 -4.52174 -1.33514 0.236641 0.695147 0.240661 -0.173744 0.146556 0.413331 0.937885 -8.40441 1.70621 13.4353 1.57134 -6.53024 1.03022 -6.82012 -14.1363 -4.19467 0.345677 7.90379e-05 -0.762889 0.0103293 0.277701 0.133982 2.13299 7.10273 -3.13247 1.57134 15.184 -3.66318 -1.78976 -17.2071 -1.20178 -1.88497 -0.177864 -0.0177394 -0.778043 -0.0805124 -0.612193 -0.380807 -5.12938 13.6129 -1.79807 -6.53024 -3.66318 8.37102 -1.02542 8.19977 8.39873 1.56892 -0.108737 0.534733 0.279532 0.142926 -0.127973 -0.269812 2.08707 -6.87009 1.25507 1.03022 -1.78976 -1.02542 3.40591 -0.759667 -2.02724 -1.90217 0.304647 -0.393302 -0.126058 0.170252 0.260469 -0.30515 0.428464 -0.07167 4.23953 -6.82012 -17.2071 8.19977 -0.759667 62.1386 7.92376 -0.472501 0.997268 -2.20519 0.291194 -0.290295 0.383522 0.318385 10.9583 -61.3004 -4.52174 -14.1363 -1.20178 8.39873 -2.02724 7.92376 19.6579 3.09763 -0.383878 -0.958476 0.909856 -1.06976 -0.333508 -0.269397 -1.77393 -5.77712 -1.33514 -4.19467 -1.88497 1.56892 -1.90217 -0.472501 3.09763 20.2841 -0.00327501 1.2073 0.0819248 0.232456 -0.124811 -0.140823 -7.7302 -2.06994 0.236641 0.345677 -0.177864 -0.108737 0.304647 0.997268 -0.383878 -0.00327501 1.47881 -0.045019 -0.210092 0.424223 0.0287275 0.0856549 -0.00172945 -1.50012 0.695147 7.90379e-05 -0.0177394 0.534733 -0.393302 -2.20519 -0.958476 1.2073 -0.045019 5.09965 -0.104392 -0.15744 0.237942 -0.0421891 -1.82885 2.51875 0.240661 -0.762889 -0.778043 0.279532 -0.126058 0.291194 0.909856 0.0819248 -0.210092 -0.104392 0.620306 -0.00086829 -0.133861 -0.159426 -0.248934 0.301414 -0.173744 0.0103293 -0.0805124 0.142926 0.170252 -0.290295 -1.06976 0.232456 0.424223 -0.15744 -0.00086829 3.10848 -0.0577165 0.11264 0.718749 -1.80776 0.146556 0.277701 -0.612193 -0.127973 0.260469 0.383522 -0.333508 -0.124811 0.0287275 0.237942 -0.133861 -0.0577165 0.502255 -0.109644 0.0701671 -0.0453711 0.413331 0.133982 -0.380807 -0.269812 -0.30515 0.318385 -0.269397 -0.140823 0.0856549 -0.0421891 -0.159426 0.11264 -0.109644 1.21357 -0.00676015 -0.218047 0.937885 2.13299 -5.12938 2.08707 0.428464 10.9583 -1.77393 -7.7302 -0.00172945 -1.82885 -0.248934 0.718749 0.0701671 -0.00676015 20.9996 -21.3095 -8.40441 7.10273 13.6129 -6.87009 -0.07167 -61.3004 -5.77712 -2.06994 -1.50012 2.51875 0.301414 -1.80776 -0.0453711 -0.218047 -21.3095 81.3722
8.14507 0.831771 -2.77595 -0.981612 0.910555 1.93777 -3.38224 -1.29638 -0.315904 0.797952 0.0566975 -0.513418 0.107658 0.267155 -1.62647 -4.03698 0.831771 7.99123 0.225481 -4.24772 0.521777 -2.24059 -7.78136 -3.28419 0.345585 -1.1527 -0.295928 -0.384908 0.372995 -0.0598942 0.608267 4.41809 -2.77595 0.225481 14.5842 -2.76848 -2.20681 -15.5524 1.17669 -2.77955 -0.23672 -0.349873 -0.915399 -0.495228 -0.432278 0.116757 -6.26051 12.7896 -0.981612 -4.24772 -2.76848 8.55154 -0.117538 5.0796 5.71988 -0.0121944 0.160519 1.36666 0.280955 -0.32299 -0.0879952 -0.590282 3.3235 -4.94854 0.910555 0.521777 -2.20681 -0.117538 3.92648 -0.177731 -1.61703 -1.33532 0.682309 -0.684269 -0.140618 0.635843 0.112541 -0.70565 -0.619778 -0.349689 1.93777 -2.24059 -15.5524 5.0796 -0.177731 50.0785 2.08951 1.34918 0.300103 -1.70186 0.507809 -0.40706 0.355948 -0.184274 15.2412 -51.5797 -3.38224 -7.78136 1.17669 5.71988 -1.61703 2.08951 12.4109 1.87138 -0.370185 0.974095 0.45177 -1.1955 -0.191065 0.149756 -1.59932 -1.31399 -1.29638 -3.28419 -2.77955 -0.0121944 -1.33532 1.34918 1.87138 17.1104 0.0763967 0.912832 -0.026854 0.692617 -0.186335 0.188134 -4.76636 -4.72528 -0.315904 0.345585 -0.23672 0.160519 0.682309 0.300103 -0.370185 0.0763967 1.69175 -0.453454 -0.267575 0.419998 0.114441 -0.100629 -0.51035 0.000955776 0.797952 -1.1527 -0.349873 1.36666 -0.684269 -1.70186 0.974095 0.912832 -0.453454 5.36233 0.307394 0.0597368 -0.143411 -0.0635434 -1.67694 2.44148 0.0566975 -0.295928 -0.915399 0.280955 -0.140618 0.507809 0.45177 -0.026854 -0.267575 0.307394 0.702275 0.013872 -0.153726 -0.229114 0.233371 0.212882 -0.513418 -0.384908 -0.495228 -0.32299 0.635843 -0.40706 -1.1955 0.692617 0.419998 0.0597368 0.013872 3.06591 -0.0404756 -0.102063 1.24908 -1.93098 0.107658 0.372995 -0.432278 -0.0879952 0.112541 0.355948 -0.191065 -0.186335 0.114441 -0.143411 -0.153726 -0.0404756 0.506557 -0.078448 -0.0918979 0.173164 0.267155 -0.0598942 0.116757 -0.590282 -0.70565 -0.184274 0.149756 0.188134 -0.100629 -0.0635434 -0.229114 -0.102063 -0.078448 1.24462 -0.252921 0.296835 -1.62647 0.608267 -6.26051 3.3235 -0.619778 15.2412 -1.59932 -4.76636 -0.51035 -1.67694 0.233371 1.24908 -0.0918979 -0.252921 24.8261 -25.2553 -4.03698 4.41809 12.7896 -4.94854 -0.349689 -51.5797 -1.31399 -4.72528 0.000955776 2.44148 0.212882 -1.93098 0.173164 0.296835 -25.2553 71.3549
10.9542 2.15027 -4.93646 -0.98814 1.1131 6.43672 -5.64847 -2.47174 -0.262116 1.74422 0.097196 -0.436989 -0.194927 0.192918 4.39423 -13.0385 2.15027 10.4446 0.334702 -4.05423 0.93091 -2.41904 -10.1667 -3.45482 -0.150574 0.238232 -0.300841 -0.463582 0.32444 -0.493518 2.42935 1.61876 -4.93646 0.334702 14.5436 -2.21048 -2.01232 -15.6043 1.44694 -0.512161 -0.706139 0.00699493 -0.872744 0.607553 -0.821915 -0.00944891 -8.87948 14.6926 -0.98814 -4.05423 -2.21048 7.00158 -0.578279 5.74591 5.14834 1.59768 0.227892 0.451607 0.0913078 -0.601683 -0.0311997 -0.164328 1.66707 -5.10126 1.1131 0.93091 -2.01232 -0.578279 3.3356 -0.374875 -1.82645 -1.34305 0.143309 -0.230506 -0.101381 -0.0430752 0.293149 -0.396037 2.37079 -2.02892 6.43672 -2.41904 -15.6043 5.74591 -0.374875 54.0503 1.14308 -0.412421 0.946357 -0.960847 -0.226312 -0.546604 0.971977 -0.0804522 16.7756 -58.9883 -5.64847 -10.1667 1.44694 5.14834 -1.82645 1.14308 15.1243 3.22188 0.230308 -1.77584 0.39897 -0.827935 -0.182835 0.493371 -4.07247 2.41391 -2.47174 -3.45482 -0.512161 1.59768 -1.34305 -0.412421 3.22188 16.4112 -0.806959 0.743995 -0.0127513 0.163087 -0.251656 -1.42486 -3.11552 -4.47703 -0.262116 -0.150574 -0.706139 0.227892 0.143309 0.946357 0.230308 -0.806959 1.38549 -0.351702 -0.0184333 0.289124 0.162791 0.10839 0.398137 -0.214563 1.74422 0.238232 0.00699493 0.451607 -0.230506 -0.960847 -1.77584 0.743995 -0.351702 5.15681 -0.14022 -0.0936631 -0.319005 -0.51276 -1.83759 1.30656 0.097196 -0.300841 -0.872744 0.0913078 -0.101381 -0.226312 0.39897 -0.0127513 -0.0184333 -0.14022 0.734978 -0.0213254 -0.201598 -0.0718199 -0.686335 1.60895 -0.436989 -0.463582 0.607553 -0.601683 -0.0430752 -0.546604 -0.827935 0.163087 0.289124 -0.0936631 -0.0213254 2.69096 -0.188339 0.0526832 0.0747397 -1.14889 -0.194927 0.32444 -0.821915 -0.0311997 0.293149 0.971977 -0.182835 -0.251656 0.162791 -0.319005 -0.201598 -0.188339 0.640774 -0.0571534 0.955523 -0.736517 0.192918 -0.493518 -0.00944891 -0.164328 -0.396037 -0.0804522 0.493371 -1.42486 0.10839 -0.51276 -0.0718199 0.0526832 -0.0571534 1.16047 -0.110671 1.07107 4.39423 2.42935 -8.87948 1.66707 2.37079 16.7756 -4.07247 -3.11552 0.398137 -1.83759 -0.686335 0.0747397 0.955523 -0.110671 27.2515 -35.2108 -13.0385 1.61876 14.6926 -5.10126 -2.02892 -58.9883 2.41391 -4.47703 -0.214563 1.30656 1.60895 -1.14889 -0.736517 1.07107 -35.2108 93.3806
