4.72777 -0.578249 -1.54268 0.961217 1.59272 3.42537 -1.75452 -1.22686 -0.453225 0.869124 -0.228941 0.0403145 -0.00971323 0.505645 -0.126061 -6.66621 -0.578249 6.14455 2.32558 -3.2356 -0.229943 -4.37887 -4.07757 -2.26927 0.568168 -1.11197 -0.0478827 -0.578431 -0.071927 -0.375977 0.410612 5.2096 -1.54268 2.32558 8.63011 -2.03922 -1.62447 -8.57525 -0.792109 -1.91157 0.75472 -0.157327 -0.414575 -0.246817 -0.430858 -0.210344 -2.06206 6.28925 0.961217 -3.2356 -2.03922 3.28579 0.318627 3.30886 1.36149 0.913236 -0.54529 0.903749 -0.136857 0.0750521 0.0650787 0.395276 0.502067 -3.88399 1.59272 -0.229943 -1.62447 0.318627 2.44769 1.95566 -0.940782 -0.22132 -0.371084 0.172106 -0.21087 0.337635 0.0224551 -0.0849518 -0.0916244 -3.75686 3.42537 -4.37887 -8.57525 3.30886 1.95566 31.0282 -0.0615218 0.934436 -0.663822 2.17876 -0.874228 2.06475 0.752934 0.850577 0.948827 -30.4894 -1.75452 -4.07757 -0.792109 1.36149 -0.940782 -0.0615218 5.69339 1.50487 -0.346927 0.0358011 0.390768 -0.643148 -0.0516588 -0.0972805 0.0408758 1.23944 -1.22686 -2.26927 -1.91157 0.913236 -0.22132 0.934436 1.50487 4.60686 -0.179484 -0.390681 0.207861 0.532899 -0.0748017 0.00872553 -0.035118 -0.749753 -0.453225 0.568168 0.75472 -0.54529 -0.371084 -0.663822 -0.346927 -0.179484 1.41346 -0.394102 0.0710331 0.155583 -0.024608 -0.107784 -0.824558 1.46407 0.869124 -1.11197 -0.157327 0.903749 0.172106 2.17876 0.0358011 -0.390681 -0.394102 3.04886 -0.391314 0.157352 -0.0543026 -0.0425871 -0.331366 -2.70148 -0.228941 -0.0478827 -0.414575 -0.136857 -0.21087 -0.874228 0.390768 0.207861 0.0710331 -0.391314 0.695707 -0.206279 -0.150506 -0.154174 -0.173903 1.78114 0.0403145 -0.578431 -0.246817 0.0750521 0.337635 2.06475 -0.643148 0.532899 0.155583 0.157352 -0.206279 1.89352 0.212414 0.176207 -0.197374 -3.07194 -0.00971323 -0.071927 -0.430858 0.0650787 0.0224551 0.752934 -0.0516588 -0.0748017 -0.024608 -0.0543026 -0.150506 0.212414 0.510015 0.0019853 0.392347 -0.791793 0.505645 -0.375977 -0.210344 0.395276 -0.0849518 0.850577 -0.0972805 0.00872553 -0.107784 -0.0425871 -0.154174 0.176207 0.0019853 0.747936 -0.262815 -0.898942 -0.126061 0.410612 -2.06206 0.502067 -0.0916244 0.948827 0.0408758 -0.035118 -0.824558 -0.331366 -0.173903 -0.197374 0.392347 -0.262815 8.35225 -6.60465 -6.66621 5.2096 6.28925 -3.88399 -3.75686 -30.4894 1.23944 -0.749753 1.46407 -2.70148 1.78114 -3.07194 -0.791793 -0.898942 -6.60465 42.8935
3.79787 -1.12264 -2.01157 1.26299 0.270145 0.444537 -0.753574 0.0641278 0.164244 -0.015714 0.242075 0.122078 -0.0274446 0.169265 1.3055 -3.39448 -1.12264 5.92869 2.27147 -2.94459 -0.247186 -1.97657 -3.31275 -2.12292 0.487526 0.135056 -0.514409 -1.33645 0.145937 -0.0511822 0.595825 3.0752 -2.01157 2.27147 8.31267 -1.79628 -1.22566 -4.55043 -0.92667 -0.947913 0.316059 -0.0914164 -0.951364 -0.865973 -0.164639 -0.000970952 -1.75504 2.2851 1.26299 -2.94459 -1.79628 3.07101 -0.201106 0.401169 0.76847 0.923475 -0.464534 -0.0375739 0.356699 0.257973 -0.163969 0.0201478 0.112284 -0.26227 0.270145 -0.247186 -1.22566 -0.201106 1.95747 0.387956 -0.0581277 -0.0995324 0.114676 -0.291809 -0.107848 0.140133 0.0856646 -0.0971708 -0.075452 -1.2384 0.444537 -1.97657 -4.55043 0.401169 0.387956 33.0285 -1.05668 0.492763 1.57032 0.976916 -0.528916 2.6697 0.614682 -0.478792 1.39636 -32.4142 -0.753574 -3.31275 -0.92667 0.76847 -0.0581277 -1.05668 4.94893 0.390204 -0.525846 -0.206268 0.622815 -0.458512 -0.101771 -0.0498912 -0.727498 1.99545 0.0641278 -2.12292 -0.947913 0.923475 -0.0995324 0.492763 0.390204 4.75787 -0.303724 -0.303838 0.165384 0.669925 -0.300014 0.152733 -1.4263 -1.17882 0.164244 0.487526 0.316059 -0.464534 0.114676 1.57032 -0.525846 -0.303724 1.20614 -0.142103 -0.215815 0.202824 0.0374697 0.00825242 -0.282548 -1.77897 -0.015714 0.135056 -0.0914164 -0.0375739 -0.291809 0.976916 -0.206268 -0.303838 -0.142103 1.8639 0.0471902 0.0553043 0.0317442 -0.310093 0.174109 -0.641508 0.242075 -0.514409 -0.951364 0.356699 -0.107848 -0.528916 0.622815 0.165384 -0.215815 0.0471902 0.678548 -0.0613611 -0.172614 -0.128277 0.230799 0.908915 0.122078 -1.33645 -0.865973 0.257973 0.140133 2.6697 -0.458512 0.669925 0.202824 0.0553043 -0.0613611 2.56275 0.158074 0.0172792 0.213654 -3.94814 -0.0274446 0.145937 -0.164639 -0.163969 0.0856646 0.614682 -0.101771 -0.300014 0.0374697 0.0317442 -0.172614 0.158074 0.331939 -0.0448194 0.05041 -0.49993 0.169265 -0.0511822 -0.000970952 0.0201478 -0.0971708 -0.478792 -0.0498912 0.152733 0.00825242 -0.310093 -0.128277 0.0172792 -0.0448194 0.61735 -0.0751938 0.332796 1.3055 0.595825 -1.75504 0.112284 -0.075452 1.39636 -0.727498 -1.4263 -0.282548 0.174109 0.230799 0.213654 0.05041 -0.0751938 8.6371 -8.48981 -3.39448 3.0752 2.2851 -0.26227 -1.2384 -32.4142 1.99545 -1.17882 -1.77897 -0.641508 0.908915 -3.94814 -0.49993 0.332796 -8.48981 45.9296
3.27194 0.147443 -1.71295 0.0100213 0.269686 2.88458 -0.797626 -0.655013 -0.058338 0.0156797 0.0398388 -0.136492 0.114339 0.266728 0.315167 -3.98734 0.147443 4.83907 0.0698751 -2.69969 -0.298189 -0.507736 -3.73813 -0.491951 0.387052 -0.468829 -0.180649 -0.863535 0.0456814 0.0800879 0.102562 2.3292 -1.71295 0.0698751 8.16038 -0.679683 -0.606376 -12.134 0.240046 -0.0483714 -0.0794285 0.17998 -0.33362 -0.665383 -0.300029 -0.686243 -2.08381 8.89408 0.0100213 -2.69969 -0.679683 2.67313 0.136141 1.4929 1.62531 -0.0640553 -0.266026 0.308957 0.159192 0.577464 -0.0741385 -0.125001 0.475102 -2.12572 0.269686 -0.298189 -0.606376 0.136141 2.35345 -0.0110928 -0.506416 -0.544575 -0.136146 -0.0933569 -0.207729 0.315175 -0.0621822 -0.136583 0.148769 -1.36082 2.88458 -0.507736 -12.134 1.4929 -0.0110928 40.3014 -1.30202 0.630027 0.366098 -0.479995 0.0723742 2.3138 0.0682686 1.13608 2.64933 -35.2914 -0.797626 -3.73813 0.240046 1.62531 -0.506416 -1.30202 5.49005 -0.165154 -0.340445 -0.125265 0.30947 -0.739583 0.200198 -0.0618392 -0.458399 1.36735 -0.655013 -0.491951 -0.0483714 -0.0640553 -0.544575 0.630027 -0.165154 3.52157 0.0916044 0.273578 -0.172417 0.340731 -0.141884 0.194442 -0.972183 -0.69979 -0.058338 0.387052 -0.0794285 -0.266026 -0.136146 0.366098 -0.340445 0.0916044 1.27259 -0.31373 -0.0783356 0.0800582 0.0804301 -0.188884 -0.0676911 -0.0983122 0.0156797 -0.468829 0.17998 0.308957 -0.0933569 -0.479995 -0.125265 0.273578 -0.31373 1.76085 0.0531707 0.192039 -0.0626846 -0.0666142 0.0752018 0.156402 0.0398388 -0.180649 -0.33362 0.159192 -0.207729 0.0723742 0.30947 -0.172417 -0.0783356 0.0531707 0.539789 -0.0410004 -0.0626436 -0.120838 0.0875941 0.253197 -0.136492 -0.863535 -0.665383 0.577464 0.315175 2.3138 -0.739583 0.340731 0.0800582 0.192039 -0.0410004 2.03447 -0.14525 0.168408 0.488024 -3.48367 0.114339 0.0456814 -0.300029 -0.0741385 -0.0621822 0.0682686 0.200198 -0.141884 0.0804301 -0.0626846 -0.0626436 -0.14525 0.443202 -0.0145096 -0.355399 0.651719 0.266728 0.0800879 -0.686243 -0.125001 -0.136583 1.13608 -0.0618392 0.194442 -0.188884 -0.0666142 -0.120838 0.168408 -0.0145096 0.707056 -0.0687628 -0.832041 0.315167 0.102562 -2.08381 0.475102 0.148769 2.64933 -0.458399 -0.972183 -0.0676911 0.0752018 0.0875941 0.488024 -0.355399 -0.0687628 7.79828 -8.29691 -3.98734 2.3292 8.89408 -2.12572 -1.36082 -35.2914 1.36735 -0.69979 -0.0983122 0.156402 0.253197 -3.48367 0.651719 -0.832041 -8.29691 41.8773
3.95648 0.2859 -2.40213 0.327631 0.505084 2.5916 -1.23929 -2.3983 -0.055607 1.25555 0.170333 -0.323434 0.227791 0.19465 1.51714 -3.761 0.2859 4.77886 1.01072 -2.39352 -0.0487007 -2.40357 -3.27486 -2.56953 0.110732 0.162041 -0.0509629 -0.524218 -0.0671591 -0.0682791 0.234168 3.75575 -2.40213 1.01072 8.11917 -1.50413 -1.44703 -10.7302 0.0494099 1.11524 -0.118625 -0.653909 -0.255736 -0.0802787 -0.77386 -0.301882 -2.06986 7.42543 0.327631 -2.39352 -1.50413 2.85423 0.000116685 1.70302 1.15792 1.29991 -0.118462 -0.0626982 0.125221 -0.252943 -0.0153543 -0.0265743 0.738591 -2.06888 0.505084 -0.0487007 -1.44703 0.000116685 2.08537 1.81385 -0.439729 -0.78156 0.278459 -0.179738 -0.0784544 0.420714 0.233391 -0.16681 0.00814921 -2.0662 2.5916 -2.40357 -10.7302 1.70302 1.81385 36.2573 0.245787 0.116369 0.552457 0.226319 -0.123237 0.480215 0.987228 0.419059 3.09554 -32.4893 -1.23929 -3.27486 0.0494099 1.15792 -0.439729 0.245787 4.58731 1.70681 -0.155915 -0.799467 0.249174 -0.715195 -0.011472 0.0015608 -0.491059 -0.391492 -2.3983 -2.56953 1.11524 1.29991 -0.78156 0.116369 1.70681 5.54265 -0.279188 -1.17937 -0.0143644 0.272077 -0.149349 0.0300938 -2.00708 -0.542218 -0.055607 0.110732 -0.118625 -0.118462 0.278459 0.552457 -0.155915 -0.279188 0.980066 -0.0451124 -0.0727115 0.0950723 -0.0600784 -0.00697136 -0.332109 -0.102546 1.25555 0.162041 -0.653909 -0.0626982 -0.179738 0.226319 -0.799467 -1.17937 -0.0451124 2.80492 -0.273146 0.206861 0.135858 0.0325978 0.420933 -0.21768 0.170333 -0.0509629 -0.255736 0.125221 -0.0784544 -0.123237 0.249174 -0.0143644 -0.0727115 -0.273146 0.52724 -0.0925684 -0.122705 -0.0864546 -0.177494 0.396875 -0.323434 -0.524218 -0.0802787 -0.252943 0.420714 0.480215 -0.715195 0.272077 0.0950723 0.206861 -0.0925684 2.21729 0.123095 0.0601047 -0.371965 -1.35121 0.227791 -0.0671591 -0.77386 -0.0153543 0.233391 0.987228 -0.011472 -0.149349 -0.0600784 0.135858 -0.122705 0.123095 0.411409 -0.00514737 0.230631 -0.834792 0.19465 -0.0682791 -0.301882 -0.0265743 -0.16681 0.419059 0.0015608 0.0300938 -0.00697136 0.0325978 -0.0864546 0.0601047 -0.00514737 0.658169 -0.133222 -0.216865 1.51714 0.234168 -2.06986 0.738591 0.00814921 3.09554 -0.491059 -2.00708 -0.332109 0.420933 -0.177494 -0.371965 0.230631 -0.133222 7.26208 -7.80464 -3.761 3.75575 7.42543 -2.06888 -2.0662 -32.4893 -0.391492 -0.542218 -0.102546 -0.21768 0.396875 -1.35121 -0.834792 -0.216865 -7.80464 38.9936
3.08162 -0.527668 -1.73333 0.842166 0.757143 2.63101 -0.448486 -0.616744 -0.0563991 -0.0359583 0.21589 -0.353164 -0.0659422 -0.0310511 0.442026 -4.10263 -0.527668 5.98448 0.355289 -3.01676 -0.960331 -1.52494 -3.56513 -1.73913 0.148582 0.161963 -0.00643287 -1.02766 0.0901894 0.0278721 0.785032 4.18607 -1.73333 0.355289 9.21749 -1.27966 -0.771428 -10.1815 0.472578 -0.0883813 -0.688773 -0.276211 -0.486986 -0.0476625 -0.341137 0.0862722 -2.7932 5.8503 0.842166 -3.01676 -1.27966 2.83339 0.711845 1.3022 1.12147 1.06201 -0.120886 -0.0152844 -0.00835033 0.290971 -0.0605653 -0.052328 -0.506818 -1.86176 0.757143 -0.960331 -0.771428 0.711845 2.50863 0.422022 -0.00774394 0.144808 -0.0627862 -0.443183 -0.104375 0.131887 -0.0275195 -0.294246 -1.02359 -1.59063 2.63101 -1.52494 -10.1815 1.3022 0.422022 33.2828 -0.618175 0.670554 0.472749 0.618174 -0.0285681 0.961704 0.0148129 -0.389646 6.01078 -32.2093 -0.448486 -3.56513 0.472578 1.12147 -0.00774394 -0.618175 4.62615 0.105185 -0.155934 -0.300649 0.149479 -0.254562 0.132763 -0.0333309 -0.638295 -0.104908 -0.616744 -1.73913 -0.0883813 1.06201 0.144808 0.670554 0.105185 3.65095 0.15477 0.10449 -0.109028 0.400801 -0.139936 -0.0280941 -2.35858 -0.0648931 -0.0563991 0.148582 -0.688773 -0.120886 -0.0627862 0.472749 -0.155934 0.15477 1.07372 -0.0102505 -0.125525 0.00327278 0.130564 -0.0715391 -0.253427 0.433584 -0.0359583 0.161963 -0.276211 -0.0152844 -0.443183 0.618174 -0.300649 0.10449 -0.0102505 1.57751 0.00311462 0.0391552 -0.035944 -0.0544978 0.265366 -0.156546 0.21589 -0.00643287 -0.486986 -0.00835033 -0.104375 -0.0285681 0.149479 -0.109028 -0.125525 0.00311462 0.741819 -0.0388767 -0.163964 -0.192888 0.0139191 0.405243 -0.353164 -1.02766 -0.0476625 0.290971 0.131887 0.961704 -0.254562 0.400801 0.00327278 0.0391552 -0.0388767 1.92352 -0.0560341 0.00693068 0.938052 -2.91546 -0.0659422 0.0901894 -0.341137 -0.0605653 -0.0275195 0.0148129 0.132763 -0.139936 0.130564 -0.035944 -0.163964 -0.0560341 0.341044 0.0723496 -0.00723082 0.475737 -0.0310511 0.0278721 0.0862722 -0.052328 -0.294246 -0.389646 -0.0333309 -0.0280941 -0.0715391 -0.0544978 -0.192888 0.00693068 0.0723496 0.500182 0.042614 0.528268 0.442026 0.785032 -2.7932 -0.506818 -1.02359 6.01078 -0.638295 -2.35858 -0.253427 0.265366 0.0139191 0.938052 -0.00723082 0.042614 11.5629 -12.8087 -4.10263 4.18607 5.8503 -1.86176 -1.59063 -32.2093 -0.104908 -0.0648931 0.433584 -0.156546 0.405243 -2.91546 0.475737 0.528268 -12.8087 45.5135
3.88666 -0.496441 -0.425019 0.934905 0.447577 2.21658 -1.06048 -1.54662 0.136344 0.176931 -0.241788 -0.0403519 -0.109065 0.0183891 1.69345 -6.03251 -0.496441 5.44728 1.38351 -2.84264 -0.0657529 -4.2735 -2.93851 -2.40559 -0.317885 0.205933 -0.417204 -0.771011 0.194966 0.44156 -0.0804397 6.05241 -0.425019 1.38351 8.14973 -1.51635 -1.27616 -7.23936 -0.496262 -0.62579 -0.109134 0.225679 -0.88053 -0.321931 -0.14003 -0.357689 -1.48527 3.445 0.934905 -2.84264 -1.51635 3.35891 0.214366 2.82694 0.509618 0.530623 0.273544 -0.0490844 0.0850783 0.194439 -0.186477 -0.189595 1.32958 -3.93146 0.447577 -0.0657529 -1.27616 0.214366 2.05398 -0.796967 -0.430964 -0.582391 0.0918626 -0.454228 -0.20781 0.0878665 -0.061814 -0.0444446 0.541872 -0.350015 2.21658 -4.2735 -7.23936 2.82694 -0.796967 36.2899 0.0333514 1.51797 0.964468 -0.265071 0.672892 1.94774 0.690865 -0.0750708 4.70597 -37.481 -1.06048 -2.93851 -0.496262 0.509618 -0.430964 0.0333514 4.49463 1.17295 -0.109261 -0.388411 0.457544 -0.614008 0.0774292 -0.362753 -1.64316 1.79763 -1.54662 -2.40559 -0.62579 0.530623 -0.582391 1.51797 1.17295 4.79248 0.0135449 0.118208 0.473919 0.976845 -0.250804 0.0791374 -1.24488 -1.66013 0.136344 -0.317885 -0.109134 0.273544 0.0918626 0.964468 -0.109261 0.0135449 1.00755 -0.243494 -0.105235 0.0701811 -0.0168474 -0.00961111 -0.0281275 -1.16336 0.176931 0.205933 0.225679 -0.0490844 -0.454228 -0.265071 -0.388411 0.118208 -0.243494 1.85236 0.0232157 -0.130879 -0.0629191 0.0240844 0.0566484 0.300504 -0.241788 -0.417204 -0.88053 0.0850783 -0.20781 0.672892 0.457544 0.473919 -0.105235 0.0232157 0.651084 0.184701 -0.030781 -0.11264 -0.384608 0.345926 -0.0403519 -0.771011 -0.321931 0.194439 0.0878665 1.94774 -0.614008 0.976845 0.0701811 -0.130879 0.184701 1.68742 -0.0378025 -0.0314395 0.714854 -3.86866 -0.109065 0.194966 -0.14003 -0.186477 -0.061814 0.690865 0.0774292 -0.250804 -0.0168474 -0.0629191 -0.030781 -0.0378025 0.361367 -0.0515315 -0.203804 -0.0154542 0.0183891 0.44156 -0.357689 -0.189595 -0.0444446 -0.0750708 -0.362753 0.0791374 -0.00961111 0.0240844 -0.11264 -0.0314395 -0.0515315 0.64544 0.0930253 0.344025 1.69345 -0.0804397 -1.48527 1.32958 0.541872 4.70597 -1.64316 -1.24488 -0.0281275 0.0566484 -0.384608 0.714854 -0.203804 0.0930253 10.4464 -14.8302 -6.03251 6.05241 3.445 -3.93146 -0.350015 -37.481 1.79763 -1.66013 -1.16336 0.300504 0.345926 -3.86866 -0.0154542 0.344025 -14.8302 57.6447
2.80587 0.211296 -1.4491 0.0283589 0.789563 0.642237 -0.96356 -0.357884 -0.220934 -0.100139 0.125911 -0.0812019 0.079311 0.110281 0.468952 -2.5274 0.211296 3.82821 0.769629 -1.60809 -0.46464 -2.07902 -2.78282 -0.871184 0.0512376 0.211815 -0.371254 -0.516756 0.05014 0.0631255 0.19637 2.72489 -1.4491 0.769629 8.37796 -1.13828 -1.39621 -7.4589 0.553746 -0.88105 -0.199121 0.524657 -0.474051 -0.69438 -0.625442 -0.259089 -1.59289 4.15397 0.0283589 -1.60809 -1.13828 2.08235 0.280112 1.74099 0.567205 0.193004 0.0429273 -0.00900834 0.121986 0.205411 -0.0776242 -0.140624 0.778148 -1.79218 0.789563 -0.46464 -1.39621 0.280112 2.45976 -0.170604 -0.201402 -0.0353453 -0.221052 -0.355844 0.127395 0.21469 -0.043444 -0.304826 0.491558 -1.98606 0.642237 -2.07902 -7.4589 1.74099 -0.170604 31.249 -0.128824 -0.173343 1.32136 -0.808606 -0.172207 1.86801 0.489906 0.104467 4.35694 -29.4257 -0.96356 -2.78282 0.553746 0.567205 -0.201402 -0.128824 4.66423 -0.526477 0.0148661 -0.410086 0.41976 -0.700216 0.0199104 -0.000341986 -0.764041 0.96088 -0.357884 -0.871184 -0.88105 0.193004 -0.0353453 -0.173343 -0.526477 4.07523 -0.0640728 0.538387 -0.0642561 0.336351 0.0753822 -0.0244407 -1.3307 0.189482 -0.220934 0.0512376 -0.199121 0.0429273 -0.221052 1.32136 0.0148661 -0.0640728 1.06002 -0.130795 -0.0756237 0.0835998 -0.00805572 0.0196126 0.214952 -0.914215 -0.100139 0.211815 0.524657 -0.00900834 -0.355844 -0.808606 -0.410086 0.538387 -0.130795 2.81278 -0.203764 -0.248495 -0.240039 -0.296738 -0.0297473 0.597184 0.125911 -0.371254 -0.474051 0.121986 0.127395 -0.172207 0.41976 -0.0642561 -0.0756237 -0.203764 0.493033 0.0200779 -0.111797 -0.12286 -0.171176 0.430222 -0.0812019 -0.516756 -0.69438 0.205411 0.21469 1.86801 -0.700216 0.336351 0.0835998 -0.248495 0.0200779 1.51593 0.0317471 0.0801853 0.26202 -2.45342 0.079311 0.05014 -0.625442 -0.0776242 -0.043444 0.489906 0.0199104 0.0753822 -0.00805572 -0.240039 -0.111797 0.0317471 0.451084 0.187229 -0.0718164 0.113785 0.110281 0.0631255 -0.259089 -0.140624 -0.304826 0.104467 -0.000341986 -0.0244407 0.0196126 -0.296738 -0.12286 0.0801853 0.187229 0.580037 -0.12533 0.430566 0.468952 0.19637 -1.59289 0.778148 0.491558 4.35694 -0.764041 -1.3307 0.214952 -0.0297473 -0.171176 0.26202 -0.0718164 -0.12533 7.65216 -10.2507 -2.5274 2.72489 4.15397 -1.79218 -1.98606 -29.4257 0.96088 0.189482 -0.914215 0.597184 0.430222 -2.45342 0.113785 0.430566 -10.2507 40.8408
5.49513 0.534842 -1.36909 -0.134692 0.701942 4.06043 -1.46413 -2.79402 -0.69229 0.937883 0.00919589 -0.662156 0.25436 0.14665 1.3073 -7.25063 0.534842 5.08448 1.32473 -2.49528 -0.316921 -1.01459 -3.69727 -1.38965 0.0826465 -0.393771 -0.0643863 -0.770643 -0.179657 -0.0742675 0.319333 1.30467 -1.36909 1.32473 7.88877 -1.57301 -0.758563 -8.50751 -0.236832 -0.776163 0.126201 -0.0211849 -0.621863 -0.242804 -0.232901 -0.497417 -0.634286 4.22651 -0.134692 -2.49528 -1.57301 2.76361 -0.0321672 1.19907 1.00106 0.781911 -0.212082 0.540803 -0.00147481 0.172028 0.0656015 -0.0743856 -0.141831 -0.00180222 0.701942 -0.316921 -0.758563 -0.0321672 1.84416 1.03494 0.0819351 -0.630382 0.182244 -0.297707 -0.0716909 0.128408 0.0574511 -0.309971 -0.193964 -2.03928 4.06043 -1.01459 -8.50751 1.19907 1.03494 32.4696 -1.81237 -1.27203 -0.902378 0.429248 0.147717 1.26275 0.135905 -0.298979 1.73218 -30.0118 -1.46413 -3.69727 -0.236832 1.00106 0.0819351 -1.81237 5.29786 0.928478 0.111892 -0.480342 0.231608 -0.296411 0.124905 0.251392 -0.947606 2.41187 -2.79402 -1.38965 -0.776163 0.781911 -0.630382 -1.27203 0.928478 5.07664 0.541522 -0.31711 0.0466137 0.531382 -0.257717 0.219173 -2.07214 3.57634 -0.69229 0.0826465 0.126201 -0.212082 0.182244 -0.902378 0.111892 0.541522 1.28358 -0.406469 0.0223178 0.116405 -0.0857751 -0.0269021 -0.978131 1.76359 0.937883 -0.393771 -0.0211849 0.540803 -0.297707 0.429248 -0.480342 -0.31711 -0.406469 2.44733 -0.189981 0.10251 0.119909 -0.186639 0.243712 -0.955352 0.00919589 -0.0643863 -0.621863 -0.00147481 -0.0716909 0.147717 0.231608 0.0466137 0.0223178 -0.189981 0.438651 0.0176122 -0.169706 0.0274509 -0.177229 0.506447 -0.662156 -0.770643 -0.242804 0.172028 0.128408 1.26275 -0.296411 0.531382 0.116405 0.10251 0.0176122 1.52571 0.00411932 -0.16131 -0.00850585 -1.54685 0.25436 -0.179657 -0.232901 0.0656015 0.0574511 0.135905 0.124905 -0.257717 -0.0857751 0.119909 -0.169706 0.00411932 0.475202 0.00391511 0.296946 -0.363077 0.14665 -0.0742675 -0.497417 -0.0743856 -0.309971 -0.298979 0.251392 0.219173 -0.0269021 -0.186639 0.0274509 -0.16131 0.00391511 0.7506 0.110757 0.54143 1.3073 0.319333 -0.634286 -0.141831 -0.193964 1.73218 -0.947606 -2.07214 -0.978131 0.243712 -0.177229 -0.00850585 0.296946 0.110757 8.01639 -8.78159 -7.25063 1.30467 4.22651 -0.00180222 -2.03928 -30.0118 2.41187 3.57634 1.76359 -0.955352 0.506447 -1.54685 -0.363077 0.54143 -8.78159 41.5391
4.74833 -0.210079 -2.00696 0.276547 0.819264 2.70769 -1.08114 -0.712439 -0.286175 0.120568 0.4557 0.190074 -0.0341088 -0.178178 0.816321 -5.75664 -0.210079 5.09499 0.911237 -2.46819 -0.418794 -2.49546 -3.7973 -1.40978 0.366814 0.303587 -0.187367 -0.306752 0.10632 -0.198217 1.21193 2.93607 -2.00696 0.911237 8.36534 -1.38547 -1.39037 -7.12831 0.416909 -0.792315 0.272781 0.645762 -0.657689 -0.673509 -0.355795 -0.139038 -2.78312 5.2131 0.276547 -2.46819 -1.38547 2.65133 0.0490646 2.65158 1.19972 0.690478 -0.281392 0.0523947 0.0667332 -0.0860694 -0.0392291 -0.0161341 0.638867 -2.73197 0.819264 -0.418794 -1.39037 0.0490646 2.0759 -0.076397 -0.37436 0.0554705 0.0688461 -0.299204 0.0512959 0.453394 0.127399 -0.304849 0.638527 -1.87243 2.70769 -2.49546 -7.12831 2.65158 -0.076397 35.8973 0.606107 -0.0551471 0.280552 0.408428 0.553483 0.840606 0.571862 -0.940103 1.35696 -32.9267 -1.08114 -3.7973 0.416909 1.19972 -0.37436 0.606107 4.97217 0.613231 -0.0971585 -0.679689 0.0704019 -0.621585 -0.167607 0.42171 -1.87709 0.711732 -0.712439 -1.40978 -0.792315 0.690478 0.0554705 -0.0551471 0.613231 3.33705 -0.0219587 0.0263844 -0.149246 0.0442181 0.0142269 0.0924216 -1.76302 0.973819 -0.286175 0.366814 0.272781 -0.281392 0.0688461 0.280552 -0.0971585 -0.0219587 1.12988 -0.319603 -0.0322993 0.0633632 0.0398021 -0.13785 -0.72311 0.357995 0.120568 0.303587 0.645762 0.0523947 -0.299204 0.408428 -0.679689 0.0263844 -0.319603 2.49087 -0.255721 0.0953597 -0.0070627 -0.13717 0.0526846 -0.966426 0.4557 -0.187367 -0.657689 0.0667332 0.0512959 0.553483 0.0704019 -0.149246 -0.0322993 -0.255721 0.494373 0.205652 -0.105932 -0.146558 0.214214 -0.607002 0.190074 -0.306752 -0.673509 -0.0860694 0.453394 0.840606 -0.621585 0.0442181 0.0633632 0.0953597 0.205652 1.54559 0.092213 -0.118489 0.357027 -1.84502 -0.0341088 0.10632 -0.355795 -0.0392291 0.127399 0.571862 -0.167607 0.0142269 0.0398021 -0.0070627 -0.105932 0.092213 0.388366 -0.044595 -0.290518 -0.0537209 -0.178178 -0.198217 -0.139038 -0.0161341 -0.304849 -0.940103 0.42171 0.0924216 -0.13785 -0.13717 -0.146558 -0.118489 -0.044595 0.694759 -0.199022 1.48859 0.816321 1.21193 -2.78312 0.638867 0.638527 1.35696 -1.87709 -1.76302 -0.72311 0.0526846 0.214214 0.357027 -0.290518 -0.199022 11.844 -9.833 -5.75664 2.93607 5.2131 -2.73197 -1.87243 -32.9267 0.711732 0.973819 0.357995 -0.966426 -0.607002 -1.84502 -0.0537209 1.48859 -9.833 44.3163
4.76609 -0.625085 -1.92317 0.880054 0.0930844 2.95888 0.390736 -1.05092 0.0218298 0.801584 0.567328 -0.275058 -0.0417385 0.0200789 0.70462 -5.51022 -0.625085 5.00798 1.52275 -2.64871 -0.0995357 -2.26872 -3.91908 -1.59935 -0.00270797 -0.404781 -0.435154 -0.181465 -0.020269 0.115009 0.560046 3.00077 -1.92317 1.52275 7.66184 -1.82512 -0.818881 -10.0998 -1.17826 0.241272 -0.230152 -0.21231 -0.982201 -0.257954 -0.218584 0.496706 -1.37251 6.8445 0.880054 -2.64871 -1.82512 2.89532 0.102463 2.23368 1.60224 0.639346 -0.175965 0.563734 0.288581 -0.349833 -0.0712012 -0.242354 0.074591 -1.85588 0.0930844 -0.0995357 -0.818881 0.102463 1.29271 0.539197 -0.409817 -0.0201755 0.199948 -0.231762 -0.0715394 0.171409 0.0192039 -0.338513 -0.066685 -0.847584 2.95888 -2.26872 -10.0998 2.23368 0.539197 31.3813 1.92783 -0.627442 0.895606 -0.360868 1.05781 0.627803 0.257977 -0.820524 3.2022 -28.5046 0.390736 -3.91908 -1.17826 1.60224 -0.409817 1.92783 5.93746 0.597467 -0.0015019 0.260737 0.720197 -1.17445 -0.000275704 -0.0311884 -1.37857 -1.02487 -1.05092 -1.59935 0.241272 0.639346 -0.0201755 -0.627442 0.597467 3.41847 -0.111821 0.387145 -0.0871308 0.505794 -0.0694437 -0.0140513 -0.936307 -0.258944 0.0218298 -0.00270797 -0.230152 -0.175965 0.199948 0.895606 -0.0015019 -0.111821 1.26841 -0.493621 -0.0742268 0.0327429 -0.0174875 -0.0455324 -0.262083 -0.588476 0.801584 -0.404781 -0.21231 0.563734 -0.231762 -0.360868 0.260737 0.387145 -0.493621 2.56269 -0.00386388 -0.404814 -0.0328529 -0.37937 -0.402746 0.245781 0.567328 -0.435154 -0.982201 0.288581 -0.0715394 1.05781 0.720197 -0.0871308 -0.0742268 -0.00386388 0.949248 0.0301224 -0.197865 -0.120985 0.109141 -0.890926 -0.275058 -0.181465 -0.257954 -0.349833 0.171409 0.627803 -1.17445 0.505794 0.0327429 -0.404814 0.0301224 2.04681 0.0403892 0.14601 0.846009 -2.25549 -0.0417385 -0.020269 -0.218584 -0.0712012 0.0192039 0.257977 -0.000275704 -0.0694437 -0.0174875 -0.0328529 -0.197865 0.0403892 0.440112 -0.0409955 0.251436 -0.230182 0.0200789 0.115009 0.496706 -0.242354 -0.338513 -0.820524 -0.0311884 -0.0140513 -0.0455324 -0.37937 -0.120985 0.14601 -0.0409955 0.713955 0.0279855 0.497608 0.70462 0.560046 -1.37251 0.074591 -0.066685 3.2022 -1.37857 -0.936307 -0.262083 -0.402746 0.109141 0.846009 0.251436 0.0279855 7.16969 -8.64006 -5.51022 3.00077 6.8445 -1.85588 -0.847584 -28.5046 -1.02487 -0.258944 -0.588476 0.245781 -0.890926 -2.25549 -0.230182 0.497608 -8.64006 37.956
3.23754 0.688013 -1.1212 -0.0723516 0.488629 0.999001 -1.04839 -1.5227 0.00267076 -0.121526 0.131853 -0.0560629 -0.103653 0.140631 0.348775 -2.28926 0.688013 5.39906 0.63765 -2.8332 0.451597 -0.708698 -3.60654 -2.18166 0.145039 -0.340566 -0.0851875 -0.380446 -0.00461069 0.00861608 -0.425866 2.08853 -1.1212 0.63765 7.20731 -1.07552 -0.676346 -7.72887 -0.392184 -0.303318 -0.0551004 0.503807 -0.357913 -0.339343 -0.398713 -0.0309614 -1.12429 3.83038 -0.0723516 -2.8332 -1.07552 2.64182 -0.0835159 0.928821 1.67539 0.988752 -0.0112211 0.0913954 0.0082736 -0.244252 0.0210995 -0.0504357 0.423183 -1.02511 0.488629 0.451597 -0.676346 -0.0835159 2.12676 0.183676 -0.594017 -0.641774 0.400646 -0.488612 -0.251468 0.0182308 0.0583184 -0.220311 0.384929 -1.54691 0.999001 -0.708698 -7.72887 0.928821 0.183676 30.0517 -0.156605 -0.700153 -0.758197 0.493773 0.075934 0.8823 0.680428 -0.760526 2.96602 -26.7059 -1.04839 -3.60654 -0.392184 1.67539 -0.594017 -0.156605 4.31975 0.922073 -0.0753845 -0.0850718 0.191147 -0.465848 0.0264023 -0.0483813 0.600663 -0.123675 -1.5227 -2.18166 -0.303318 0.988752 -0.641774 -0.700153 0.922073 4.10716 0.0610456 -0.0320455 -0.236011 0.376357 0.033422 0.190382 -1.22055 1.17757 0.00267076 0.145039 -0.0551004 -0.0112211 0.400646 -0.758197 -0.0753845 0.0610456 1.19104 -0.417903 -0.187638 -0.0391184 0.0682149 -0.0157198 -0.344657 0.811286 -0.121526 -0.340566 0.503807 0.0913954 -0.488612 0.493773 -0.0850718 -0.0320455 -0.417903 2.18557 0.167293 0.0298269 -0.110952 -0.351973 -0.0904633 -0.53422 0.131853 -0.0851875 -0.357913 0.0082736 -0.251468 0.075934 0.191147 -0.236011 -0.187638 0.167293 0.49966 0.0877022 -0.0904498 -0.141283 -0.3399 0.71117 -0.0560629 -0.380446 -0.339343 -0.244252 0.0182308 0.8823 -0.465848 0.376357 -0.0391184 0.0298269 0.0877022 1.72141 0.0472301 0.0244115 0.233012 -1.85189 -0.103653 -0.00461069 -0.398713 0.0210995 0.0583184 0.680428 0.0264023 0.033422 0.0682149 -0.110952 -0.0904498 0.0472301 0.356283 -0.0455203 -0.129333 -0.218008 0.140631 0.00861608 -0.0309614 -0.0504357 -0.220311 -0.760526 -0.0483813 0.190382 -0.0157198 -0.351973 -0.141283 0.0244115 -0.0455203 0.639116 0.0671631 0.664007 0.348775 -0.425866 -1.12429 0.423183 0.384929 2.96602 0.600663 -1.22055 -0.344657 -0.0904633 -0.3399 0.233012 -0.129333 0.0671631 9.32643 -11.0635 -2.28926 2.08853 3.83038 -1.02511 -1.54691 -26.7059 -0.123675 1.17757 0.811286 -0.53422 0.71117 -1.85189 -0.218008 0.664007 -11.0635 37.9331
3.18693 0.0450916 -0.440448 0.27434 0.689983 0.689396 -0.636718 -0.959431 0.0539851 0.106574 -0.0419549 -0.251857 -0.015717 0.0737369 0.276726 -3.14935 0.0450916 7.20725 0.844268 -3.52717 -0.189025 -1.20242 -4.82085 -3.16299 -0.0154007 0.234931 -0.228581 -1.02066 0.25609 0.129944 2.67566 1.53403 -0.440448 0.844268 5.80271 -0.497301 -0.39594 -6.9749 -0.550863 -0.53865 -0.133025 0.175311 -0.599964 -0.537104 -0.277501 -0.0647857 -1.20309 3.98609 0.27434 -3.52717 -0.497301 3.45525 -0.0613936 0.0506646 1.7799 1.67935 -0.128537 -0.104037 0.0682267 0.272986 -0.111709 -0.0175849 -1.70431 0.462734 0.689983 -0.189025 -0.39594 -0.0613936 2.30749 -0.47781 0.281149 -0.436459 0.426358 -0.252456 -0.185763 -0.217316 0.0840809 -0.5614 -0.321735 -1.08138 0.689396 -1.20242 -6.9749 0.0506646 -0.47781 36.0495 -0.347194 -1.0835 0.329766 -0.749646 0.396859 2.05123 0.120636 0.508968 4.95442 -34.8131 -0.636718 -4.82085 -0.550863 1.7799 0.281149 -0.347194 6.37561 0.772235 0.111622 -0.287064 0.387282 -0.967894 -0.0661807 -0.582988 -1.90367 1.33545 -0.959431 -3.16299 -0.53865 1.67935 -0.436459 -1.0835 0.772235 5.27729 0.0355405 0.344402 0.00670518 1.08779 -0.317539 0.133338 -3.59365 2.51903 0.0539851 -0.0154007 -0.133025 -0.128537 0.426358 0.329766 0.111622 0.0355405 0.940272 0.0657867 -0.0208672 -0.00644803 -0.0726099 -0.201283 -0.28148 -0.432944 0.106574 0.234931 0.175311 -0.104037 -0.252456 -0.749646 -0.287064 0.344402 0.0657867 1.98601 -0.0518882 -0.1959 -0.102711 -0.312737 -0.887059 1.36957 -0.0419549 -0.228581 -0.599964 0.0682267 -0.185763 0.396859 0.387282 0.00670518 -0.0208672 -0.0518882 0.482969 0.0624503 -0.0778636 -0.0956408 0.044197 0.106812 -0.251857 -1.02066 -0.537104 0.272986 -0.217316 2.05123 -0.967894 1.08779 -0.00644803 -0.1959 0.0624503 2.27717 0.0536715 0.287178 0.587727 -3.28577 -0.015717 0.25609 -0.277501 -0.111709 0.0840809 0.120636 -0.0661807 -0.317539 -0.0726099 -0.102711 -0.0778636 0.0536715 0.390278 -0.101216 0.353372 -0.0988493 0.0737369 0.129944 -0.0647857 -0.0175849 -0.5614 0.508968 -0.582988 0.133338 -0.201283 -0.312737 -0.0956408 0.287178 -0.101216 0.962352 0.176812 -0.261948 0.276726 2.67566 -1.20309 -1.70431 -0.321735 4.95442 -1.90367 -3.59365 -0.28148 -0.887059 0.044197 0.587727 0.353372 0.176812 10.7184 -11.7393 -3.14935 1.53403 3.98609 0.462734 -1.08138 -34.8131 1.33545 2.51903 -0.432944 1.36957 0.106812 -3.28577 -0.0988493 -0.261948 -11.7393 46.431
2.89041 -0.00377848 -0.952417 0.406708 0.501428 -1.62275 -0.554254 -0.399586 0.33825 0.184214 0.0627713 0.00315924 -0.170224 0.341489 0.168853 -0.396792 -0.00377848 4.08973 0.972177 -2.17067 -0.165835 -2.15944 -2.56152 -1.21396 0.0726532 -0.161183 -0.202654 -0.62971 0.216887 -0.208915 0.996132 2.27181 -0.952417 0.972177 7.55365 -1.13147 -0.8106 -6.70057 -0.479863 -1.02412 -0.11406 -0.00590003 -0.449394 -0.612755 0.0478582 -0.282611 -0.905826 2.82128 0.406708 -2.17067 -1.13147 2.82259 -0.0301366 1.06063 1.09407 0.222353 0.029855 0.44049 0.0217606 -0.288584 -0.0795384 0.164069 -0.944796 0.410479 0.501428 -0.165835 -0.8106 -0.0301366 1.73627 -1.06686 -0.161805 0.339499 0.146454 -0.469261 0.0130349 0.25388 -0.171199 -0.290914 0.496268 -0.886435 -1.62275 -2.15944 -6.70057 1.06063 -1.06686 36.3641 0.372011 0.0058177 -0.165009 0.0248588 -0.0162204 1.69452 0.495072 0.0657572 3.11752 -31.3869 -0.554254 -2.56152 -0.479863 1.09407 -0.161805 0.372011 3.93737 0.0350502 -0.182416 -0.202339 0.306763 -0.363796 0.133692 -0.178158 0.068817 -0.408021 -0.399586 -1.21396 -1.02412 0.222353 0.339499 0.0058177 0.0350502 3.93916 0.134036 0.233426 -0.0516849 0.713306 -0.422078 0.190439 -1.78891 -0.12473 0.33825 0.0726532 -0.11406 0.029855 0.146454 -0.165009 -0.182416 0.134036 1.08144 0.17287 -0.110066 -0.0259242 0.0380221 -0.0760878 -0.371831 0.0994124 0.184214 -0.161183 -0.00590003 0.44049 -0.469261 0.0248588 -0.202339 0.233426 0.17287 3.12547 -0.218113 -0.049217 -0.0709761 -0.0387647 -0.275054 0.213603 0.0627713 -0.202654 -0.449394 0.0217606 0.0130349 -0.0162204 0.306763 -0.0516849 -0.110066 -0.218113 0.548558 0.122662 -0.159691 -0.0464433 0.128802 0.121712 0.00315924 -0.62971 -0.612755 -0.288584 0.25388 1.69452 -0.363796 0.713306 -0.0259242 -0.049217 0.122662 1.73703 -0.0604432 0.150353 0.352313 -3.0879 -0.170224 0.216887 0.0478582 -0.0795384 -0.171199 0.495072 0.133692 -0.422078 0.0380221 -0.0709761 -0.159691 -0.0604432 0.546796 -0.104913 -0.202291 0.204536 0.341489 -0.208915 -0.282611 0.164069 -0.290914 0.0657572 -0.178158 0.190439 -0.0760878 -0.0387647 -0.0464433 0.150353 -0.104913 0.716153 -0.255221 0.157313 0.168853 0.996132 -0.905826 -0.944796 0.496268 3.11752 0.068817 -1.78891 -0.371831 -0.275054 0.128802 0.352313 -0.202291 -0.255221 9.94439 -11.6832 -0.396792 2.27181 2.82128 0.410479 -0.886435 -31.3869 -0.408021 -0.12473 0.0994124 0.213603 0.121712 -3.0879 0.204536 0.157313 -11.6832 43.8415
3.15314 -0.21138 -1.31548 0.326242 0.790445 1.44784 -0.629394 -0.698608 -0.0373394 0.158054 0.199037 -0.242035 -0.300062 -0.154179 -0.162044 -2.8596 -0.21138 6.03821 0.674849 -3.0919 0.565393 -0.965949 -3.99345 -2.10092 -0.138226 -0.344487 -0.15746 -0.760844 -0.0867123 -0.276771 0.616363 2.14756 -1.31548 0.674849 9.52018 -1.14017 -1.35074 -7.96512 0.505923 -1.09868 0.637843 0.28249 -0.56976 -0.83805 -0.543676 -0.446069 -1.87137 4.00989 0.326242 -3.0919 -1.14017 3.45673 -0.342766 1.98431 1.16441 0.765047 -0.0296872 0.458042 0.166072 0.461879 -0.161999 0.00969795 0.098705 -1.94844 0.790445 0.565393 -1.35074 -0.342766 2.61873 -0.0648796 -0.817866 -0.57342 -0.260936 -0.349314 -0.184449 -0.0972408 0.128298 -0.374478 0.158093 -1.30175 1.44784 -0.965949 -7.96512 1.98431 -0.0648796 34.735 -1.03651 -1.98063 0.620834 -1.46468 -0.356261 1.10576 0.859325 0.413497 6.40483 -33.2623 -0.629394 -3.99345 0.505923 1.16441 -0.817866 -1.03651 5.44546 0.785412 -0.0436794 0.180455 0.133741 -0.492435 0.149236 0.290165 -0.367246 0.482064 -0.698608 -2.10092 -1.09868 0.765047 -0.57342 -1.98063 0.785412 4.54267 0.338388 0.157681 0.127124 0.764683 0.00282492 0.209685 -1.42916 2.32248 -0.0373394 -0.138226 0.637843 -0.0296872 -0.260936 0.620834 -0.0436794 0.338388 1.11746 -0.231762 -0.0964202 -0.0899389 -0.0838754 0.0403982 -0.252632 -0.77684 0.158054 -0.344487 0.28249 0.458042 -0.349314 -1.46468 0.180455 0.157681 -0.231762 1.76237 0.0890338 0.0179151 -0.165305 -0.16097 -0.866758 1.9293 0.199037 -0.15746 -0.56976 0.166072 -0.184449 -0.356261 0.133741 0.127124 -0.0964202 0.0890338 0.608585 0.124825 -0.203011 0.0393372 -0.15756 0.785715 -0.242035 -0.760844 -0.83805 0.461879 -0.0972408 1.10576 -0.492435 0.764683 -0.0899389 0.0179151 0.124825 1.78277 -0.00771376 0.181561 0.0859544 -1.5566 -0.300062 -0.0867123 -0.543676 -0.161999 0.128298 0.859325 0.149236 0.00282492 -0.0838754 -0.165305 -0.203011 -0.00771376 0.541749 0.00117066 0.331912 -0.525427 -0.154179 -0.276771 -0.446069 0.00969795 -0.374478 0.413497 0.290165 0.209685 0.0403982 -0.16097 0.0393372 0.181561 0.00117066 0.654137 -0.00154507 0.130094 -0.162044 0.616363 -1.87137 0.098705 0.158093 6.40483 -0.367246 -1.42916 -0.252632 -0.866758 -0.15756 0.0859544 0.331912 -0.00154507 8.30172 -11.645 -2.8596 2.14756 4.00989 -1.94844 -1.30175 -33.2623 0.482064 2.32248 -0.77684 1.9293 0.785715 -1.5566 -0.525427 0.130094 -11.645 43.7677
2.94805 0.204633 -0.945634 0.466363 0.377433 -0.719759 -0.914976 -1.24679 -0.036765 0.114939 0.119948 -0.131 0.0178015 0.197074 0.627696 -0.969994 0.204633 4.68938 -0.135788 -2.60899 0.109744 -0.0730394 -2.69406 -1.8198 0.195039 -0.219224 -0.160189 -0.403237 0.101438 0.0149981 0.872769 0.889383 -0.945634 -0.135788 6.98303 -0.0762877 -0.697269 -6.25906 0.335853 0.122831 0.170498 0.294235 -0.781405 -0.594382 -0.32547 -0.232607 -1.87697 2.80759 0.466363 -2.60899 -0.0762877 3.16911 0.0216891 0.488227 0.442494 0.946177 -0.219246 0.338818 -0.0573041 -0.00992316 -0.137005 0.0641018 0.397452 -1.56858 0.377433 0.109744 -0.697269 0.0216891 2.41399 -2.48939 -0.585428 0.184699 0.111152 -0.244215 0.0461605 0.304663 0.126313 -0.229224 -1.04252 1.65116 -0.719759 -0.0730394 -6.25906 0.488227 -2.48939 29.4481 -0.190535 -1.57619 -0.0317793 -0.415348 0.685227 0.922834 0.366987 0.140356 5.98248 -25.3367 -0.914976 -2.69406 0.335853 0.442494 -0.585428 -0.190535 3.97799 0.358198 -0.24269 -0.397346 0.279952 -0.307121 -0.0528851 0.0357984 -1.09701 1.18982 -1.24679 -1.8198 0.122831 0.946177 0.184699 -1.57619 0.358198 4.5735 0.120568 0.725967 -0.214935 0.356073 -0.0826554 -0.254445 -2.0945 1.59229 -0.036765 0.195039 0.170498 -0.219246 0.111152 -0.0317793 -0.24269 0.120568 0.858078 -0.113769 -0.0217888 0.297158 -0.0637285 0.0426686 -0.621902 0.0965469 0.114939 -0.219224 0.294235 0.338818 -0.244215 -0.415348 -0.397346 0.725967 -0.113769 2.3365 -0.354728 -0.195259 0.0586679 -0.302458 0.228813 -0.174343 0.119948 -0.160189 -0.781405 -0.0573041 0.0461605 0.685227 0.279952 -0.214935 -0.0217888 -0.354728 0.594371 0.254742 -0.0742507 -0.0860049 -0.443196 0.241111 -0.131 -0.403237 -0.594382 -0.00992316 0.304663 0.922834 -0.307121 0.356073 0.297158 -0.195259 0.254742 1.34941 -0.0046074 0.0348548 -0.305451 -1.12958 0.0178015 0.101438 -0.32547 -0.137005 0.126313 0.366987 -0.0528851 -0.0826554 -0.0637285 0.0586679 -0.0742507 -0.0046074 0.357767 -0.0974556 0.185304 -0.290747 0.197074 0.0149981 -0.232607 0.0641018 -0.229224 0.140356 0.0357984 -0.254445 0.0426686 -0.302458 -0.0860049 0.0348548 -0.0974556 0.585642 0.1955 0.00270477 0.627696 0.872769 -1.87697 0.397452 -1.04252 5.98248 -1.09701 -2.0945 -0.621902 0.228813 -0.443196 -0.305451 0.185304 0.1955 10.0225 -11.7331 -0.969994 0.889383 2.80759 -1.56858 1.65116 -25.3367 1.18982 1.59229 0.0965469 -0.174343 0.241111 -1.12958 -0.290747 0.00270477 -11.7331 32.6041
3.07955 0.323796 -0.641496 0.252739 0.251112 3.03133 -1.4615 -1.32218 -0.266374 0.351398 0.0475673 -0.121085 -0.0740942 0.0616969 0.78729 -4.72483 0.323796 7.18976 2.11625 -4.04581 -0.605765 -1.5828 -4.73842 -4.02091 0.198473 0.433238 -0.2802 -0.60887 0.398821 0.324542 -0.00757752 3.42817 -0.641496 2.11625 7.31038 -1.37155 -0.757034 -6.73834 -1.00529 -1.60747 -0.157839 1.06042 -0.460232 -0.600462 -0.0647563 -0.416177 -1.93199 3.9793 0.252739 -4.04581 -1.37155 3.5254 -0.0875689 1.75546 2.05664 2.08648 -0.272273 0.319813 -0.0610267 0.0850602 -0.194098 -0.264764 0.173617 -2.2187 0.251112 -0.605765 -0.757034 -0.0875689 1.91114 -0.237872 0.379646 -0.0187004 0.0559078 -0.525145 0.0957573 0.103978 -0.096691 -0.162214 0.00988699 -1.06145 3.03133 -1.5828 -6.73834 1.75546 -0.237872 27.915 -2.04996 0.902304 0.214191 0.186609 -0.495067 0.85278 0.256859 0.0090289 3.87201 -27.0586 -1.4615 -4.73842 -1.00529 2.05664 0.379646 -2.04996 5.9925 1.57837 0.0132481 -0.978825 0.597038 -0.420503 -0.226624 -0.501455 0.0839441 1.72608 -1.32218 -4.02091 -1.60747 2.08648 -0.0187004 0.902304 1.57837 6.42448 -0.187568 -0.196494 -0.119828 1.09847 -0.342883 0.072237 -1.65839 -1.29212 -0.266374 0.198473 -0.157839 -0.272273 0.0559078 0.214191 0.0132481 -0.187568 1.02561 -0.356804 -0.139049 0.101955 0.148961 -0.0982686 0.176543 0.0801981 0.351398 0.433238 1.06042 0.319813 -0.525145 0.186609 -0.978825 -0.196494 -0.356804 2.50098 -0.484563 -0.262383 0.139356 -0.16721 -0.721743 0.135027 0.0475673 -0.2802 -0.460232 -0.0610267 0.0957573 -0.495067 0.597038 -0.119828 -0.139049 -0.484563 0.747797 -0.11084 -0.253835 -0.0507152 0.0129249 0.693718 -0.121085 -0.60887 -0.600462 0.0850602 0.103978 0.85278 -0.420503 1.09847 0.101955 -0.262383 -0.11084 1.78818 0.118536 0.277063 0.115185 -1.93671 -0.0740942 0.398821 -0.0647563 -0.194098 -0.096691 0.256859 -0.226624 -0.342883 0.148961 0.139356 -0.253835 0.118536 0.435055 -0.0116797 0.0424437 0.139946 0.0616969 0.324542 -0.416177 -0.264764 -0.162214 0.0090289 -0.501455 0.072237 -0.0982686 -0.16721 -0.0507152 0.277063 -0.0116797 0.610495 0.086036 0.197713 0.78729 -0.00757752 -1.93199 0.173617 0.00988699 3.87201 0.0839441 -1.65839 0.176543 -0.721743 0.0129249 0.115185 0.0424437 0.086036 8.58444 -10.0916 -4.72483 3.42817 3.9793 -2.2187 -1.06145 -27.0586 1.72608 -1.29212 0.0801981 0.135027 0.693718 -1.93671 0.139946 0.197713 -10.0916 39.0094
