271.02 -38.6193 17.3326 10.9567 -51.9499 33.9366 17.5895 -31.2697 -83.4693 95.4204 104.756 10.8609 223.479 -139.231 -19.1136 0.747922 -38.6193 150.231 -3.34489 -48.6469 34.6835 -5.40385 -34.9924 -22.2883 252.615 -46.491 30.1512 6.41506 135.956 193.164 24.7635 -32.3133 17.3326 -3.34489 59.9829 -26.8799 36.4619 -8.68342 -7.42364 -40.768 130.282 46.8337 48.1675 9.05475 104.144 97.8094 17.3063 11.5337 10.9567 -48.6469 -26.8799 57.3219 -53.1522 9.90081 28.4679 11.5646 -146.107 5.09553 -56.742 2.09239 -153.392 -116.605 -40.6548 11.3038 -51.9499 34.6835 36.4619 -53.1522 205.149 -4.59253 -66.5174 -45.268 127.662 -84.5939 -42.3961 -78.4918 1.46817 15.7336 110.689 -18.8907 33.9366 -5.40385 -8.68342 9.90081 -4.59253 57.0872 -24.0967 -21.3352 -92.6987 41.1224 26.9684 -21.3404 47.5695 -101.313 13.9114 -26.2842 17.5895 -34.9924 -7.42364 28.4679 -66.5174 -24.0967 118.933 56.474 -54.8042 75.9754 6.44683 73.0544 17.2988 35.2514 -96.7231 25.6459 -31.2697 -22.2883 -40.768 11.5646 -45.268 -21.3352 56.474 1061.4 -147.927 -99.1963 -46.4045 15.7935 662.844 -289.433 27.389 -43.0073 -83.4693 252.615 130.282 -146.107 127.662 -92.6987 -54.8042 -147.927 1648.64 -37.5613 169.942 -27.5223 153.411 822.207 116.968 52.127 95.4204 -46.491 46.8337 5.09553 -84.5939 41.1224 75.9754 -99.1963 -37.5613 650.479 323.66 128.71 131.879 305.486 -121.548 -1.19964 104.756 30.1512 48.1675 -56.742 -42.3961 26.9684 6.44683 -46.4045 169.942 323.66 582.345 168.437 310.075 295.268 25.0055 7.9199 10.8609 6.41506 9.05475 2.09239 -78.4918 -21.3404 73.0544 15.7935 -27.5223 128.71 168.437 291.367 90.9852 196.38 -102.316 35.3487 223.479 135.956 104.144 -153.392 1.46817 47.5695 17.2988 662.844 153.411 131.879 310.075 90.9852 2523.1 102.042 112.456 -139.318 -139.231 193.164 97.8094 -116.605 15.7336 -101.313 35.2514 -289.433 822.207 305.486 295.268 196.38 102.042 1069.67 -74.1291 30.8809 -19.1136 24.7635 17.3063 -40.6548 110.689 13.9114 -96.7231 27.389 116.968 -121.548 25.0055 -102.316 112.456 -74.1291 200.256 -29.5038 0.747922 -32.3133 11.5337 11.3038 -18.8907 -26.2842 25.6459 -43.0073 52.127 -1.19964 7.9199 35.3487 -139.318 30.8809 -29.5038 52.4089
566.562 21.2123 -67.588 44.3496 43.9732 50.002 100.406 54.7573 -59.7719 273.288 47.1328 -134.243 93.6775 -95.8415 44.1339 -11.0345 21.2123 76.6051 -20.646 38.3374 21.735 18.3616 37.5012 95.677 39.9801 96.948 -118.68 33.365 8.19828 -5.33105 4.62169 -11.9615 -67.588 -20.646 95.8624 -31.633 16.0243 -37.3174 14.8375 -157.96 158.011 -175.507 128.362 -50.7255 57.065 -53.0109 52.4557 1.15774 44.3496 38.3374 -31.633 67.3352 31.2921 18.6238 -3.92359 180.605 -31.7155 99.1663 -136.627 44.8007 4.1885 24.5032 -20.4711 -3.18543 43.9732 21.735 16.0243 31.2921 78.9165 -11.3066 12.2281 33.4554 45.0094 -26.2594 -59.0915 55.1295 -51.9673 3.36867 33.2998 -3.45882 50.002 18.3616 -37.3174 18.6238 -11.3066 58.8918 -10.1282 159.186 -120.173 145.919 -44.1775 24.9058 54.7986 52.606 -43.9517 1.73145 100.406 37.5012 14.8375 -3.92359 12.2281 -10.1282 149.452 -134.793 202.768 34.6615 -2.11301 -85.9088 4.41581 -102.223 58.3899 -23.6654 54.7573 95.677 -157.96 180.605 33.4554 159.186 -134.793 1535.36 -677.06 627.433 -342.245 369.235 148.595 180.386 -231.411 -2.51171 -59.7719 39.9801 158.011 -31.7155 45.0094 -120.173 202.768 -677.06 1407 -329.759 186.624 -335.593 222.978 -283.627 287.568 -24.7068 273.288 96.948 -175.507 99.1663 -26.2594 145.919 34.6615 627.433 -329.759 797.699 -80.2111 7.28422 167.466 -20.202 -53.533 -20.5097 47.1328 -118.68 128.362 -136.627 -59.0915 -44.1775 -2.11301 -342.245 186.624 -80.2111 1327 -239.935 517.179 -289.136 322.459 37.3324 -134.243 33.365 -50.7255 44.8007 55.1295 24.9058 -85.9088 369.235 -335.593 7.28422 -239.935 478.216 -199.439 220.251 -116.691 -1.58984 93.6775 8.19828 57.065 4.1885 -51.9673 54.7986 4.41581 148.595 222.978 167.466 517.179 -199.439 1271.68 -115.757 68.3244 26.4612 -95.8415 -5.33105 -53.0109 24.5032 3.36867 52.606 -102.223 180.386 -283.627 -20.202 -289.136 220.251 -115.757 347.161 -150.618 -5.63194 44.1339 4.62169 52.4557 -20.4711 33.2998 -43.9517 58.3899 -231.411 287.568 -53.533 322.459 -116.691 68.3244 -150.618 235.298 0.762378 -11.0345 -11.9615 1.15774 -3.18543 -3.45882 1.73145 -23.6654 -2.51171 -24.7068 -20.5097 37.3324 -1.58984 26.4612 -5.63194 0.762378 27.17
586.505 57.9256 29.599 -33.6031 -41.2384 65.0496 75.9797 -286.856 -281.793 -235.091 -129.12 -121.428 -84.2545 -254.036 65.8303 99.5236 57.9256 57.852 12.6701 -6.74342 -17.1688 9.23895 7.4376 -37.0529 -65.3574 -31.4061 -42.8179 -12.701 56.3416 -25.2247 -10.9975 20.2682 29.599 12.6701 36.3472 3.38917 -23.0104 -0.183742 -0.808073 56.9619 -65.8867 29.4566 5.54493 -18.7455 -13.5937 26.4012 -2.61374 8.25139 -33.6031 -6.74342 3.38917 41.8558 -18.5219 -8.64745 -16.4678 30.2257 -70.3993 64.7871 -6.90616 25.9752 -48.1552 41.5156 -12.0107 -0.86667 -41.2384 -17.1688 -23.0104 -18.5219 115.644 19.0113 6.05503 -67.5091 158.639 -87.1757 -81.7012 82.8118 39.2638 -96.4953 17.1735 -13.6454 65.0496 9.23895 -0.183742 -8.64745 19.0113 52.7291 7.96538 -43.708 -20.5936 -79.1109 -73.5862 26.7131 -52.4944 -48.1251 25.3989 15.0195 75.9797 7.4376 -0.808073 -16.4678 6.05503 7.96538 123.958 -206.493 -23.8252 -72.4535 49.005 -150.623 -24.2353 -100.213 15.5539 34.0912 -286.856 -37.0529 56.9619 30.2257 -67.5091 -43.708 -206.493 1215.5 -66.3895 305.192 -31.7218 348.467 110.958 364.162 -58.8407 -120.439 -281.793 -65.3574 -65.8867 -70.3993 158.639 -20.5936 -23.8252 -66.3895 998.985 7.53952 7.67071 29.3097 117.597 80.6876 43.3876 -104.136 -235.091 -31.4061 29.4566 64.7871 -87.1757 -79.1109 -72.4535 305.192 7.53952 551.426 199.985 63.0242 -142.912 193.102 -2.05606 -56.0554 -129.12 -42.8179 5.54493 -6.90616 -81.7012 -73.5862 49.005 -31.7218 7.67071 199.985 563.876 -257.434 -172.028 120.425 6.76759 -26.3509 -121.428 -12.701 -18.7455 25.9752 82.8118 26.7131 -150.623 348.467 29.3097 63.0242 -257.434 593.517 47.1794 -83.9332 -52.5445 -52.0824 -84.2545 56.3416 -13.5937 -48.1552 39.2638 -52.4944 -24.2353 110.958 117.597 -142.912 -172.028 47.1794 1445.82 -202.844 -124.115 -15.7948 -254.036 -25.2247 26.4012 41.5156 -96.4953 -48.1251 -100.213 364.162 80.6876 193.102 120.425 -83.9332 -202.844 713.399 -40.2559 -49.3405 65.8303 -10.9975 -2.61374 -12.0107 17.1735 25.3989 15.5539 -58.8407 43.3876 -2.05606 6.76759 -52.5445 -124.115 -40.2559 101.87 1.03406 99.5236 20.2682 8.25139 -0.86667 -13.6454 15.0195 34.0912 -120.439 -104.136 -56.0554 -26.3509 -52.0824 -15.7948 -49.3405 1.03406 42.0392
2155.75 -202.191 -93.7492 -213.437 -120.809 -104.293 -548.551 -1599.08 -714.624 156.852 22.3401 530.614 -520.377 780.337 286.108 341.48 -202.191 82.7678 30.6811 28.7896 20.6712 20.1813 81.1513 172.722 40.7359 -85.2655 49.2687 -46.7864 21.8458 -126.964 -37.658 -32.3632 -93.7492 30.6811 52.2511 22.8982 -1.30221 11.283 72.0204 57.3983 50.6384 -51.5545 14.1718 -44.178 -54.9712 -97.9867 35.8403 -31.1629 -213.437 28.7896 22.8982 111.63 -29.34 22.5963 116.553 188.051 142.395 -113.556 -22.5778 -86.204 -99.5016 -4.96895 6.93149 -95.5706 -120.809 20.6712 -1.30221 -29.34 76.7745 -7.07637 -23.1277 -9.92061 5.74553 41.9591 27.4244 22.0141 30.6218 -162.309 -26.0189 28.4484 -104.293 20.1813 11.283 22.5963 -7.07637 42.4873 20.0878 139.875 86.5609 -59.2234 -45.6488 -52.61 132.963 8.43283 1.10133 -40.8423 -548.551 81.1513 72.0204 116.553 -23.1277 20.0878 539.291 371.487 348.407 -219.935 225.944 -230.477 -271.774 -221.054 -21.263 -100.924 -1599.08 172.722 57.3983 188.051 -9.92061 139.875 371.487 2025.14 307.822 -226.614 -197.698 -473.687 872.812 -226.965 -368.47 -321.863 -714.624 40.7359 50.6384 142.395 5.74553 86.5609 348.407 307.822 1085.13 -105.39 -63.9019 -329.622 277.686 -329.936 109.675 -241.944 156.852 -85.2655 -51.5545 -113.556 41.9591 -59.2234 -219.935 -226.614 -105.39 451.689 -117.645 153.424 136.33 -2.49684 19.9353 89.1774 22.3401 49.2687 14.1718 -22.5778 27.4244 -45.6488 225.944 -197.698 -63.9019 -117.645 498.398 24.3401 -470.318 -140.59 -7.99569 110.261 530.614 -46.7864 -44.178 -86.204 22.0141 -52.61 -230.477 -473.687 -329.622 153.424 24.3401 453.073 -453.004 121.934 56.1126 150.266 -520.377 21.8458 -54.9712 -99.5016 30.6218 132.963 -271.774 872.812 277.686 136.33 -470.318 -453.004 3547.48 278.524 -245.973 -168.655 780.337 -126.964 -97.9867 -4.96895 -162.309 8.43283 -221.054 -226.965 -329.936 -2.49684 -140.59 121.934 278.524 1006.68 14.6025 98.8008 286.108 -37.658 35.8403 6.93149 -26.0189 1.10133 -21.263 -368.47 109.675 19.9353 -7.99569 56.1126 -245.973 14.6025 235.519 16.7451 341.48 -32.3632 -31.1629 -95.5706 28.4484 -40.8423 -100.924 -321.863 -241.944 89.1774 110.261 150.266 -168.655 98.8008 16.7451 178.266
2587.83 54.0095 78.8256 259.766 -827.89 146.903 -212.78 423.751 -2355.28 684.846 -1429.43 -416.667 2709.87 387.722 -710.91 -392.665 54.0095 109.836 -10.2409 -7.94394 -73.3059 12.4484 1.93345 7.0685 -28.9469 49.8265 -33.2287 26.5101 370.363 105.384 -45.2137 -3.22134 78.8256 -10.2409 82.6459 -12.4209 -31.699 -14.5585 -0.898181 96.921 -119.165 130.772 -67.442 0.751095 340.816 56.9193 24.8188 -23.2632 259.766 -7.94394 -12.4209 76.1871 -55.3503 16.3239 -16.1362 -27.3651 -141.964 40.9649 -150.057 -51.9154 38.1038 9.69762 -70.7951 -35.8711 -827.89 -73.3059 -31.699 -55.3503 486.984 -60.1305 64.2807 -195.719 995.862 -227.073 385.162 174.08 -1177.84 -258.552 283.224 148.025 146.903 12.4484 -14.5585 16.3239 -60.1305 35.5476 -14.0757 -0.402696 -185.905 -36.0064 -45.9351 -22.5826 67.1591 3.16237 -56.2662 -18.3249 -212.78 1.93345 -0.898181 -16.1362 64.2807 -14.0757 175.437 -10.0069 216.182 -77.3887 25.5653 29.5153 -334.161 24.58 51.1856 12.0253 423.751 7.0685 96.921 -27.3651 -195.719 -0.402696 -10.0069 630.132 -402.008 359.745 -296.09 -119.994 858.869 292.131 -115.574 -106.063 -2355.28 -28.9469 -119.165 -141.964 995.862 -185.905 216.182 -402.008 4011.91 -290.22 1153.24 501.501 -3087.93 -239.913 613.071 380.425 684.846 49.8265 130.772 40.9649 -227.073 -36.0064 -77.3887 359.745 -290.22 928.491 -558.467 -73.1296 1383.5 468.821 -130.057 -134.136 -1429.43 -33.2287 -67.442 -150.057 385.162 -45.9351 25.5653 -296.09 1153.24 -558.467 1283.28 236.076 -1518.59 -192.352 422.97 229.775 -416.667 26.5101 0.751095 -51.9154 174.08 -22.5826 29.5153 -119.994 501.501 -73.1296 236.076 296.449 -320.411 -64.5802 169.303 90.7495 2709.87 370.363 340.816 38.1038 -1177.84 67.1591 -334.161 858.869 -3087.93 1383.5 -1518.59 -320.411 6620.25 844.487 -807.168 -400.773 387.722 105.384 56.9193 9.69762 -258.552 3.16237 24.58 292.131 -239.913 468.821 -192.352 -64.5802 844.487 615.82 -88.2415 -116.316 -710.91 -45.2137 24.8188 -70.7951 283.224 -56.2662 51.1856 -115.574 613.071 -130.057 422.97 169.303 -807.168 -88.2415 369.618 97.9076 -392.665 -3.22134 -23.2632 -35.8711 148.025 -18.3249 12.0253 -106.063 380.425 -134.136 229.775 90.7495 -400.773 -116.316 97.9076 94.6881
289.626 -39.6488 -32.9938 12.6719 -0.0278063 -28.2636 2.05654 120.351 -123.963 88.4386 43.2323 29.3611 311.564 121.056 -10.5778 -43.1971 -39.6488 111.732 15.97 1.03726 -11.9358 31.4865 -20.2089 -314.905 -136.683 49.4582 1.42434 19.5454 -270.38 -38.9273 -10.9995 41.5234 -32.9938 15.97 58.4368 -4.02205 41.3698 12.5448 12.6567 -76.3338 51.0089 -39.2636 47.0533 15.2977 -69.3976 -80.6635 -3.50515 38.6572 12.6719 1.03726 -4.02205 90.1055 15.2942 -22.923 25.801 -56.1701 -94.2767 12.1497 53.7315 28.3182 344.453 -18.445 10.1716 -42.9189 -0.0278063 -11.9358 41.3698 15.2942 149.516 5.78205 4.31205 -145.647 69.3174 -110.038 152.663 38.9761 -160.2 -73.5857 27.3933 64.4307 -28.2636 31.4865 12.5448 -22.923 5.78205 42.7779 -8.90559 -127.46 15.7602 -6.89985 -12.0915 -22.7445 -269.904 -47.0341 -7.64889 48.711 2.05654 -20.2089 12.6567 25.801 4.31205 -8.90559 114.085 1.25106 -49.6972 -50.3555 17.9002 -68.5013 260.453 -5.20461 -10.2028 -0.77756 120.351 -314.905 -76.3338 -56.1701 -145.647 -127.46 1.25106 2348.66 552.922 -54.4019 -324.787 61.6897 1390.97 66.4569 37.1051 -298.414 -123.963 -136.683 51.0089 -94.2767 69.3174 15.7602 -49.6972 552.922 1099.13 -220.376 -138.825 24.5117 -52.0715 -171.12 36.2807 32.0865 88.4386 49.4582 -39.2636 12.1497 -110.038 -6.89985 -50.3555 -54.4019 -220.376 323.148 -144.831 52.9603 163.329 112.079 -53.4296 -66.3184 43.2323 1.42434 47.0533 53.7315 152.663 -12.0915 17.9002 -324.787 -138.825 -144.831 678.596 103.983 4.69715 -125.179 45.3486 55.3512 29.3611 19.5454 15.2977 28.3182 38.9761 -22.7445 -68.5013 61.6897 24.5117 52.9603 103.983 382.038 106.313 -45.3223 24.013 -63.5575 311.564 -270.38 -69.3976 344.453 -160.2 -269.904 260.453 1390.97 -52.0715 163.329 4.69715 106.313 4884.86 221.017 5.78689 -558.471 121.056 -38.9273 -80.6635 -18.445 -73.5857 -47.0341 -5.20461 66.4569 -171.12 112.079 -125.179 -45.3223 221.017 443.358 -17.8935 -83.9419 -10.5778 -10.9995 -3.50515 10.1716 27.3933 -7.64889 -10.2028 37.1051 36.2807 -53.4296 45.3486 24.013 5.78689 -17.8935 78.1839 -20.6978 -43.1971 41.5234 38.6572 -42.9189 64.4307 48.711 -0.77756 -298.414 32.0865 -66.3184 55.3512 -63.5575 -558.471 -83.9419 -20.6978 138.415
276.615 -7.26334 -16.425 -22.6229 37.0282 41.3874 1.88637 -20.6676 28.2896 -13.8835 330.712 5.32926 -0.845757 35.2862 100.43 -80.4446 -7.26334 54.3525 -2.48338 -6.29007 -7.84277 -41.8168 40.0237 -0.150093 15.7177 -19.0211 17.74 -22.8672 -131.358 94.2534 -10.7312 -29.6408 -16.425 -2.48338 51.2098 9.90479 14.0185 12.3592 -30.2056 15.6181 -14.4503 11.0463 28.8157 86.4114 35.2861 -82.7816 12.7317 28.3476 -22.6229 -6.29007 9.90479 32.3087 -2.92483 5.5718 -24.6571 -20.5953 -67.3579 -6.03966 -69.0918 12.2021 5.68756 -33.7234 4.20701 28.0184 37.0282 -7.84277 14.0185 -2.92483 86.7286 31.4253 -25.8005 -49.3998 20.9528 -34.8779 75.593 66.9621 2.65967 -92.3206 46.9854 -4.18091 41.3874 -41.8168 12.3592 5.5718 31.4253 122.189 -61.6249 29.1419 33.842 29.8598 132.697 92.3589 226.855 -145.946 97.8515 7.30997 1.88637 40.0237 -30.2056 -24.6571 -25.8005 -61.6249 172.923 80.21 183.012 -0.257665 115.363 -88.6498 -116.94 200.972 -34.3302 -103.124 -20.6676 -0.150093 15.6181 -20.5953 -49.3998 29.1419 80.21 708.79 248.566 274.872 111.396 99.6487 330.872 23.673 -4.4015 -68.7789 28.2896 15.7177 -14.4503 -67.3579 20.9528 33.842 183.012 248.566 1088.01 124.566 647.982 146.602 276.059 148.567 99.8281 -201.584 -13.8835 -19.0211 11.0463 -6.03966 -34.8779 29.8598 -0.257665 274.872 124.566 345.484 59.4459 83.2883 128.972 -21.4557 17.4751 -6.41088 330.712 17.74 28.8157 -69.0918 75.593 132.697 115.363 111.396 647.982 59.4459 1339.34 184.44 172.904 85.3717 297.981 -239.26 5.32926 -22.8672 86.4114 12.2021 66.9621 92.3589 -88.6498 99.6487 146.602 83.2883 184.44 475.718 337.857 -289.523 53.0454 59.998 -0.845757 -131.358 35.2861 5.68756 2.65967 226.855 -116.94 330.872 276.059 128.972 172.904 337.857 1804.36 -362.662 55.8099 76.3719 35.2862 94.2534 -82.7816 -33.7234 -92.3206 -145.946 200.972 23.673 148.567 -21.4557 85.3717 -289.523 -362.662 816.623 -24.5421 -189.589 100.43 -10.7312 12.7317 4.20701 46.9854 97.8515 -34.3302 -4.4015 99.8281 17.4751 297.981 53.0454 55.8099 -24.5421 200.277 -56.0977 -80.4446 -29.6408 28.3476 28.0184 -4.18091 7.30997 -103.124 -68.7789 -201.584 -6.41088 -239.26 59.998 76.3719 -189.589 -56.0977 138.836
765.477 53.013 118.94 122.692 -19.8659 6.63491 -25.5703 250.386 -334.119 -299.187 -337.477 155.652 866.646 540.663 287.951 -5.29626 53.013 81.903 16.0713 22.4981 -10.6424 10.5933 54.0778 123.414 -33.0592 -45.8581 -132.747 33.2463 273.058 68.3114 -41.6273 -39.6334 118.94 16.0713 61.6663 15.3952 -15.6002 2.71548 -8.72966 138.223 -166.369 -52.0141 -129.544 14.591 258.722 118.442 41.9146 1.47596 122.692 22.4981 15.3952 209.279 65.6136 -40.1531 -69.8108 -184.659 313.365 -171.137 9.18458 99.2062 79.1466 170.963 110.971 -44.847 -19.8659 -10.6424 -15.6002 65.6136 81.1999 -16.2946 -24.421 -186.724 265.675 -13.4446 89.1614 6.77274 -51.841 -14.9115 39.5241 -7.97099 6.63491 10.5933 2.71548 -40.1531 -16.2946 71.9195 71.0061 195.235 -156.774 1.73024 -105.894 2.00256 142.521 8.71474 -53.5899 9.09258 -25.5703 54.0778 -8.72966 -69.8108 -24.421 71.0061 237.036 313.354 -199.463 -35.8013 -137.176 2.84704 409.024 -21.1078 -160.363 -17.66 250.386 123.414 138.223 -184.659 -186.724 195.235 313.354 1848.88 -1069.41 -77.487 -839.038 112.776 1346.25 298.062 -205.261 -30.7774 -334.119 -33.0592 -166.369 313.365 265.675 -156.774 -199.463 -1069.41 2069.9 -50.8098 898.423 49.7303 -860.048 -339.354 119.043 -118.954 -299.187 -45.8581 -52.0141 -171.137 -13.4446 1.73024 -35.8013 -77.487 -50.8098 445.452 87.2149 -187.241 -545.379 -277.571 -87.8803 27.3911 -337.477 -132.747 -129.544 9.18458 89.1614 -105.894 -137.176 -839.038 898.423 87.2149 1264.55 -142.954 -1039.47 -431.981 71.4278 20.1764 155.652 33.2463 14.591 99.2062 6.77274 2.00256 2.84704 112.776 49.7303 -187.241 -142.954 339.255 399.428 136.141 84.8368 -20.6153 866.646 273.058 258.722 79.1466 -51.841 142.521 409.024 1346.25 -860.048 -545.379 -1039.47 399.428 3424.47 617.996 -7.27009 -92.2599 540.663 68.3114 118.442 170.963 -14.9115 8.71474 -21.1078 298.062 -339.354 -277.571 -431.981 136.141 617.996 656.448 230.842 -32.3821 287.951 -41.6273 41.9146 110.971 39.5241 -53.5899 -160.363 -205.261 119.043 -87.8803 71.4278 84.8368 -7.27009 230.842 304.236 12.2584 -5.29626 -39.6334 1.47596 -44.847 -7.97099 9.09258 -17.66 -30.7774 -118.954 27.3911 20.1764 -20.6153 -92.2599 -32.3821 12.2584 48.9192
322.027 112.413 31.4678 -57.8421 -39.5683 7.49362 95.1735 -483.732 26.8762 -59.5992 -144.896 -143.794 226.558 1.70952 -1.84537 -21.0522 112.413 187.514 25.9514 -26.7713 -16.5199 26.335 123.734 -387.416 187.721 16.8466 -39.7451 -157.6 498.629 30.7282 -41.4086 -22.9714 31.4678 25.9514 42.5588 14.1751 -7.02415 7.44598 21.7661 -50.0254 1.08643 -45.8068 -47.6016 -68.2535 75.3147 73.3843 -11.779 1.22997 -57.8421 -26.7713 14.1751 80.1525 29.8534 6.47323 -39.5735 231.041 -18.8997 -66.4026 27.3231 98.731 -63.8543 80.1379 -16.6295 10.5564 -39.5683 -16.5199 -7.02415 29.8534 90.9827 12.8808 -25.0889 159.485 29.2215 16.3024 3.84062 117.502 28.77 37.1447 -38.3713 0.0389042 7.49362 26.335 7.44598 6.47323 12.8808 37.9293 13.5248 23.5325 76.7453 5.43811 15.6383 -22.7943 105.385 26.0279 -34.4572 4.46032 95.1735 123.734 21.7661 -39.5735 -25.0889 13.5248 218.655 -330.477 86.707 96.8151 -63.6015 -197.079 578.004 82.2802 -54.996 -22.1748 -483.732 -387.416 -50.0254 231.041 159.485 23.5325 -330.477 2080.02 -166.438 -71.8791 389.444 748.38 -1543.25 55.1762 18.9758 107.061 26.8762 187.721 1.08643 -18.8997 29.2215 76.7453 86.707 -166.438 1078 193.232 91.0078 -29.9088 393.647 19.0229 -105.936 -10.6175 -59.5992 16.8466 -45.8068 -66.4026 16.3024 5.43811 96.8151 -71.8791 193.232 545.399 47.2524 20.4554 381.632 -97.146 -40.8726 -12.5104 -144.896 -39.7451 -47.6016 27.3231 3.84062 15.6383 -63.6015 389.444 91.0078 47.2524 584.994 190.05 -366.969 -56.0876 0.946312 28.3239 -143.794 -157.6 -68.2535 98.731 117.502 -22.7943 -197.079 748.38 -29.9088 20.4554 190.05 776.764 -902.734 -57.055 3.25681 29.0929 226.558 498.629 75.3147 -63.8543 28.77 105.385 578.004 -1543.25 393.647 381.632 -366.969 -902.734 4153.93 407.363 -300.702 -124.235 1.70952 30.7282 73.3843 80.1379 37.1447 26.0279 82.2802 55.1762 19.0229 -97.146 -56.0876 -57.055 407.363 425.011 -102.497 3.75106 -1.84537 -41.4086 -11.779 -16.6295 -38.3713 -34.4572 -54.996 18.9758 -105.936 -40.8726 0.946312 3.25681 -300.702 -102.497 132.687 2.1059 -21.0522 -22.9714 1.22997 10.5564 0.0389042 4.46032 -22.1748 107.061 -10.6175 -12.5104 28.3239 29.0929 -124.235 3.75106 2.1059 21.2968
719.148 85.152 -42.5599 159.636 -23.7747 68.311 15.6161 663.121 400.927 -256.138 919.941 -646.271 1705.02 311.66 -9.94833 68.265 85.152 106.542 13.9867 75.3455 -16.6082 21.2704 11.7135 114.718 -94.7452 -81.1461 287.331 -133.627 398.151 51.3162 14.2959 26.6729 -42.5599 13.9867 58.4651 24.4276 -20.2446 -10.869 -9.54384 -30.7304 -90.803 -61.0895 7.85176 14.3757 -118.713 -9.98221 25.3527 21.354 159.636 75.3455 24.4276 164.376 -27.3317 31.9581 1.08834 268.491 -24.9049 -190.226 594.46 -401.146 970.007 158.278 38.9803 47.6551 -23.7747 -16.6082 -20.2446 -27.3317 35.4587 -10.5262 11.1046 -53.7126 20.7159 66.6828 -114.134 76.0895 -130.415 -36.5756 -15.7142 -20.0266 68.311 21.2704 -10.869 31.9581 -10.5262 49.1303 -21.6332 100.406 60.1564 -73.4553 163.348 -179.57 414.634 85.4333 7.37887 10.3523 15.6161 11.7135 -9.54384 1.08834 11.1046 -21.6332 96.3102 -59.1142 -105.229 30.7073 -13.9004 132.211 -229.963 -78.4187 -8.36081 -8.3776 663.121 114.718 -30.7304 268.491 -53.7126 100.406 -59.1142 1572.1 728.639 -592.493 1492.35 -1287.26 3167.05 617.109 -54.4746 153.564 400.927 -94.7452 -90.803 -24.9049 20.7159 60.1564 -105.229 728.639 1666.55 -10.8615 199.792 -276.34 820.359 332.187 -125.126 32.286 -256.138 -81.1461 -61.0895 -190.226 66.6828 -73.4553 30.7073 -592.493 -10.8615 558.519 -794.758 718.858 -1536.73 -344.963 -64.0262 -94.348 919.941 287.331 7.85176 594.46 -114.134 163.348 -13.9004 1492.35 199.792 -794.758 3035.09 -1815.78 4624.09 734.486 118.759 210.993 -646.271 -133.627 14.3757 -401.146 76.0895 -179.57 132.211 -1287.26 -276.34 718.858 -1815.78 2125.46 -4701.86 -893.954 -52.8765 -143.785 1705.02 398.151 -118.713 970.007 -130.415 414.634 -229.963 3167.05 820.359 -1536.73 4624.09 -4701.86 12455 1923.35 96.6874 303.972 311.66 51.3162 -9.98221 158.278 -36.5756 85.4333 -78.4187 617.109 332.187 -344.963 734.486 -893.954 1923.35 608.872 5.36772 71.3828 -9.94833 14.2959 25.3527 38.9803 -15.7142 7.37887 -8.36081 -54.4746 -125.126 -64.0262 118.759 -52.8765 96.6874 5.36772 81.5824 -2.42046 68.265 26.6729 21.354 47.6551 -20.0266 10.3523 -8.3776 153.564 32.286 -94.348 210.993 -143.785 303.972 71.3828 -2.42046 42.9936
596.485 97.6707 6.24999 -56.4482 -105.631 -107.802 152.342 136.104 -419.464 175.515 -162.59 -245.047 242.82 125.148 -84.888 42.1402 97.6707 140.282 -5.87534 -6.94029 -50.4626 18.7464 28.2427 167.663 119.674 150.112 -37.4689 -49.8497 388.618 -8.52341 -24.4847 23.0894 6.24999 -5.87534 50.8661 -7.06262 -4.5762 -6.85182 4.11146 -35.9299 22.0222 44.1645 -14.5434 -48.8001 -103.478 -36.0673 24.5891 -8.2732 -56.4482 -6.94029 -7.06262 51.1984 8.69745 27.9229 -26.2415 27.1158 65.5092 -61.0375 -25.8743 -8.09688 -15.9303 -43.5555 31.4596 1.43064 -105.631 -50.4626 -4.5762 8.69745 82.2636 1.21763 -35.4664 -109.977 27.4407 -68.5263 103.396 70.8709 -101.171 49.7019 32.6867 -28.8344 -107.802 18.7464 -6.85182 27.9229 1.21763 71.7132 -42.7828 66.6219 225.97 -15.9246 -10.7777 44.1291 69.6411 -47.8419 13.0038 -0.559955 152.342 28.2427 4.11146 -26.2415 -35.4664 -42.7828 109.291 22.2519 -130.614 33.8093 -55.4278 -49.583 42.2931 23.7787 -8.62989 15.6219 136.104 167.663 -35.9299 27.1158 -109.977 66.6219 22.2519 841.525 276.766 258.894 -99.2933 57.1531 620.224 -135.309 -69.7903 27.2315 -419.464 119.674 22.0222 65.5092 27.4407 225.97 -130.614 276.766 1409.61 250.196 53.5292 276.215 429.833 -75.8543 38.1471 -30.6971 175.515 150.112 44.1645 -61.0375 -68.5263 -15.9246 33.8093 258.894 250.196 707.175 -85.3851 64.0569 701.346 0.528224 -109.724 -11.4143 -162.59 -37.4689 -14.5434 -25.8743 103.396 -10.7777 -55.4278 -99.2933 53.5292 -85.3851 491.962 120.666 4.83495 133.03 62.3833 -53.215 -245.047 -49.8497 -48.8001 -8.09688 70.8709 44.1291 -49.583 57.1531 276.215 64.0569 120.666 472.027 126.754 86.0049 -60.8336 -46.188 242.82 388.618 -103.478 -15.9303 -101.171 69.6411 42.2931 620.224 429.833 701.346 4.83495 126.754 2830.31 -183.619 56.9224 -0.158087 125.148 -8.52341 -36.0673 -43.5555 49.7019 -47.8419 23.7787 -135.309 -75.8543 0.528224 133.03 86.0049 -183.619 576.077 -167.755 -14.7613 -84.888 -24.4847 24.5891 31.4596 32.6867 13.0038 -8.62989 -69.7903 38.1471 -109.724 62.3833 -60.8336 56.9224 -167.755 195.678 -22.8585 42.1402 23.0894 -8.2732 1.43064 -28.8344 -0.559955 15.6219 27.2315 -30.6971 -11.4143 -53.215 -46.188 -0.158087 -14.7613 -22.8585 32.2097
702.184 -179.176 -94.8859 52.1423 19.1784 -7.43477 -54.4109 64.6561 -405.988 289.139 131.114 -7.50817 95.3606 -355.963 106.125 -98.802 -179.176 140 18.718 -6.10771 -3.74798 31.5579 5.38354 -11.0393 83.7848 -126.294 -1.38552 -107.6 200.376 103.574 19.3382 75.231 -94.8859 18.718 72.3186 -12.6333 -6.01814 -33.0296 -51.1724 73.8956 -23.4696 25.8793 -82.2733 20.7709 -96.6879 0.0560338 29.5498 26.3982 52.1423 -6.10771 -12.6333 47.075 8.75882 -7.18083 -59.9368 146.114 -106.623 115.037 85.9893 33.3767 -35.7535 -75.2534 8.39493 -15.7232 19.1784 -3.74798 -6.01814 8.75882 52.831 -1.3958 -9.93719 135.886 -45.4514 98.3436 68.9174 6.96344 1.17229 -73.6885 28.0771 -14.0604 -7.43477 31.5579 -33.0296 -7.18083 -1.3958 65.0856 104.731 -135.98 116.365 -156.377 20.134 -118.534 197.636 85.6199 -27.9492 7.99527 -54.4109 5.38354 -51.1724 -59.9368 -9.93719 104.731 368 -493.254 440.408 -438.732 -58.5948 -199.685 273.643 270.786 -137.648 -26.0317 64.6561 -11.0393 73.8956 146.114 135.886 -135.98 -493.254 1849.9 -773.171 980.822 514.455 359.843 -952.279 -681.87 260.723 -92.2771 -405.988 83.7848 -23.4696 -106.623 -45.4514 116.365 440.408 -773.171 1330.25 -911.907 -302.998 -256.438 332.264 555.222 -138.643 38.5604 289.139 -126.294 25.8793 115.037 98.3436 -156.377 -438.732 980.822 -911.907 1137.94 386.464 377.738 -695.375 -592.153 83.9416 -86.7411 131.114 -1.38552 -82.2733 85.9893 68.9174 20.134 -58.5948 514.455 -302.998 386.464 651.724 80.2904 -239.356 -182.061 -2.07231 -54.9831 -7.50817 -107.6 20.7709 33.3767 6.96344 -118.534 -199.685 359.843 -256.438 377.738 80.2904 571.187 -658.932 -148.618 -54.7379 -100.685 95.3606 200.376 -96.6879 -35.7535 1.17229 197.636 273.643 -952.279 332.264 -695.375 -239.356 -658.932 2501.76 188.365 163.109 196.555 -355.963 103.574 0.0560338 -75.2534 -73.6885 85.6199 270.786 -681.87 555.222 -592.153 -182.061 -148.618 188.365 671.749 -205.946 56.7293 106.125 19.3382 29.5498 8.39493 28.0771 -27.9492 -137.648 260.723 -138.643 83.9416 -2.07231 -54.7379 163.109 -205.946 306.722 52.9349 -98.802 75.231 26.3982 -15.7232 -14.0604 7.99527 -26.0317 -92.2771 38.5604 -86.7411 -54.9831 -100.685 196.555 56.7293 52.9349 104.177
1216.78 -103.76 -22.0015 216.924 -251.131 -48.9827 187.251 1549.2 87.0754 902.59 363.179 -318.221 246.565 -73.3621 186.752 27.7082 -103.76 71.7266 -30.624 -35.8267 24.7703 22.5505 -37.0104 -156.04 -101.416 -170.587 -19.0471 -12.827 69.4805 28.8518 -39.4757 12.0912 -22.0015 -30.624 135.759 35.8589 51.5504 -24.6108 5.06026 -159.119 191.575 225.832 -183.621 171.721 -413.226 -50.6684 -9.37625 -14.0102 216.924 -35.8267 35.8589 130.065 29.2084 -13.1883 14.618 224.894 42.3028 352.283 22.1381 96.5704 -392.572 -103.197 17.7394 16.4495 -251.131 24.7703 51.5504 29.2084 225.599 16.7363 -63.9682 -473.229 5.8996 43.5457 -150.633 285.147 -628.204 -124.913 -86.5266 -20.9693 -48.9827 22.5505 -24.6108 -13.1883 16.7363 47.3835 -13.1579 12.9961 -111.041 -80.275 77.7932 56.7822 102.504 -37.8153 -30.816 19.1984 187.251 -37.0104 5.06026 14.618 -63.9682 -13.1579 134.962 283.903 56.1212 170.068 68.8212 -24.0933 97.8637 -6.3404 32.7656 -12.1776 1549.2 -156.04 -159.119 224.894 -473.229 12.9961 283.903 3222.39 -271.956 1181.1 1045.87 -548.611 935.222 -130.109 284.903 112.596 87.0754 -101.416 191.575 42.3028 5.8996 -111.041 56.1212 -271.956 935.644 375.48 -355.06 92.2185 -461.368 155.164 53.7414 -78.9397 902.59 -170.587 225.832 352.283 43.5457 -80.275 170.068 1181.1 375.48 1871.5 190.622 219.496 -1241.34 -396.004 147.007 4.99563 363.179 -19.0471 -183.621 22.1381 -150.633 77.7932 68.8212 1045.87 -355.06 190.622 909.405 -295.872 833.273 -24.2775 96.1781 71.1106 -318.221 -12.827 171.721 96.5704 285.147 56.7822 -24.0933 -548.611 92.2185 219.496 -295.872 892.43 -1036.97 -269.708 -171.606 26.1132 246.565 69.4805 -413.226 -392.572 -628.204 102.504 97.8637 935.222 -461.368 -1241.34 833.273 -1036.97 4220.15 545.569 65.8691 59.0641 -73.3621 28.8518 -50.6684 -103.197 -124.913 -37.8153 -6.3404 -130.109 155.164 -396.004 -24.2775 -269.708 545.569 421.454 21.8467 -14.4839 186.752 -39.4757 -9.37625 17.7394 -86.5266 -30.816 32.7656 284.903 53.7414 147.007 96.1781 -171.606 65.8691 21.8467 138.466 -8.30065 27.7082 12.0912 -14.0102 16.4495 -20.9693 19.1984 -12.1776 112.596 -78.9397 4.99563 71.1106 26.1132 59.0641 -14.4839 -8.30065 45.711
590.582 -45.4208 193.036 37.3983 -141.825 -7.31709 -81.6312 -372.907 -35.3337 -108.133 -124.191 -3.06122 237.594 39.2215 263.196 51.4544 -45.4208 55.5685 -58.7133 -30.443 11.959 -5.81547 17.3198 72.2874 11.324 38.2364 82.7758 -52.4176 104.964 11.5761 -72.5051 -18.0394 193.036 -58.7133 213.237 70.4872 -69.9206 -19.1083 -47.4232 -433.211 42.3065 -103.826 -243.88 26.1746 -80.9426 -9.01042 184.038 69.3437 37.3983 -30.443 70.4872 121.822 -2.11204 12.0158 -25.329 13.5295 -114.958 1.45292 -61.2603 139.424 -34.5693 -30.0531 86.714 17.551 -141.825 11.959 -69.9206 -2.11204 91.3033 7.14179 13.0846 159.002 -36.3683 2.37686 39.6738 46.1931 -155.089 -16.5883 -77.1636 -18.9337 -7.31709 -5.81547 -19.1083 12.0158 7.14179 34.2765 -2.58865 74.3667 -45.1122 10.1808 17.1816 51.0442 -21.0346 3.76928 -17.035 -10.1431 -81.6312 17.3198 -47.4232 -25.329 13.0846 -2.58865 97.1932 77.8368 73.7991 35.6851 30.6299 -52.9804 141.75 -21.74 -41.6475 -12.8826 -372.907 72.2874 -433.211 13.5295 159.002 74.3667 77.8368 2628.7 -449.103 261.476 654.565 202.455 887.535 -136.711 -421.963 -182.25 -35.3337 11.324 42.3065 -114.958 -36.3683 -45.1122 73.7991 -449.103 929.218 6.55803 -73.1859 -220.977 209.829 52.8268 -7.91476 39.1585 -108.133 38.2364 -103.826 1.45292 2.37686 10.1808 35.6851 261.476 6.55803 337.512 158.224 33.5975 135.468 53.1167 -39.2415 -29.8983 -124.191 82.7758 -243.88 -61.2603 39.6738 17.1816 30.6299 654.565 -73.1859 158.224 689.04 -99.7464 565.545 -96.7732 -216.805 -107.879 -3.06122 -52.4176 26.1746 139.424 46.1931 51.0442 -52.9804 202.455 -220.977 33.5975 -99.7464 449.749 -302.086 72.7925 92.7419 11.9422 237.594 104.964 -80.9426 -34.5693 -155.089 -21.0346 141.75 887.535 209.829 135.468 565.545 -302.086 2411.72 -173.283 -48.2968 -49.4562 39.2215 11.5761 -9.01042 -30.0531 -16.5883 3.76928 -21.74 -136.711 52.8268 53.1167 -96.7732 72.7925 -173.283 302.079 12.4106 0.666573 263.196 -72.5051 184.038 86.714 -77.1636 -17.035 -41.6475 -421.963 -7.91476 -39.2415 -216.805 92.7419 -48.2968 12.4106 328.682 59.8376 51.4544 -18.0394 69.3437 17.551 -18.9337 -10.1431 -12.8826 -182.25 39.1585 -29.8983 -107.879 11.9422 -49.4562 0.666573 59.8376 37.077
387.377 1.84593 34.0892 -18.2153 -160.821 -52.7675 -5.02631 36.6268 143.877 83.3871 -162.572 1.58978 202.813 131.207 26.5547 -40.8509 1.84593 51.2359 -10.0703 -14.6988 -0.137821 -1.28714 -8.4192 3.64551 42.842 -76.6942 -91.8567 -23.2384 71.5159 -6.70009 11.8976 -3.3572 34.0892 -10.0703 35.2288 -16.0354 -26.8313 -23.7491 3.17854 18.5263 14.1048 58.5575 -16.3329 36.6263 82.9914 90.9929 4.96268 -8.15187 -18.2153 -14.6988 -16.0354 87.961 6.92544 40.6755 23.9333 -36.0205 -7.25981 -35.6355 105.775 -42.1039 -301.81 -148.924 -13.6879 -6.16273 -160.821 -0.137821 -26.8313 6.92544 227.834 40.3718 -27.1042 -46.0348 -270.025 -91.2214 128.862 42.3551 -472.133 -129.218 -28.5243 14.6238 -52.7675 -1.28714 -23.7491 40.6755 40.3718 66.0297 19.6332 -52.4205 -58.9204 -63.3612 96.6558 -15.9417 -265.776 -135.462 -13.2424 5.16816 -5.02631 -8.4192 3.17854 23.9333 -27.1042 19.6332 97.7509 -13.0345 80.6179 20.1301 74.9606 4.9038 -52.4703 -69.1056 -26.6532 24.3655 36.6268 3.64551 18.5263 -36.0205 -46.0348 -52.4205 -13.0345 358.795 -111.129 -12.7488 -227.426 -19.4662 511.403 153.554 19.914 -10.482 143.877 42.842 14.1048 -7.25981 -270.025 -58.9204 80.6179 -111.129 1558.99 183.515 36.5565 -31.8318 605.672 182.096 127.971 35.8706 83.3871 -76.6942 58.5575 -35.6355 -91.2214 -63.3612 20.1301 -12.7488 183.515 448.391 129.296 84.7152 238.11 173.457 -4.30419 33.1711 -162.572 -91.8567 -16.3329 105.775 128.862 96.6558 74.9606 -227.426 36.5565 129.296 743.36 99.1874 -987.589 -350.872 0.374356 35.0257 1.58978 -23.2384 36.6263 -42.1039 42.3551 -15.9417 4.9038 -19.4662 -31.8318 84.7152 99.1874 264.807 -171.21 84.3222 -28.0833 -22.3153 202.813 71.5159 82.9914 -301.81 -472.133 -265.776 -52.4703 511.403 605.672 238.11 -987.589 -171.21 5279.66 1390.8 219.267 -7.03043 131.207 -6.70009 90.9929 -148.924 -129.218 -135.462 -69.1056 153.554 182.096 173.457 -350.872 84.3222 1390.8 829.399 55.0536 -53.8608 26.5547 11.8976 4.96268 -13.6879 -28.5243 -13.2424 -26.6532 19.914 127.971 -4.30419 0.374356 -28.0833 219.267 55.0536 144.894 -17.4406 -40.8509 -3.3572 -8.15187 -6.16273 14.6238 5.16816 24.3655 -10.482 35.8706 33.1711 35.0257 -22.3153 -7.03043 -53.8608 -17.4406 51.7478
467.465 78.9021 -55.3753 27.6332 4.30607 35.6683 -15.2555 339.162 140.301 82.3626 104.895 103.634 894.881 -203.421 169.581 69.7534 78.9021 274.881 103.082 15.1359 -25.9561 8.67429 37.1915 84.703 -978.647 -289.691 -146.271 -61.7691 -524.721 324.47 -64.3147 -141.483 -55.3753 103.082 158.257 -9.41719 4.1271 -15.0207 40.033 -35.1367 -700.748 -241.532 -174.36 -172.926 -792.337 260.222 -65.0951 -99.5533 27.6332 15.1359 -9.41719 69.4894 -42.9942 -15.0636 35.3721 -1.31938 -159.747 -46.9085 -5.26332 2.58245 -152.692 70.5604 -51.2987 -25.8403 4.30607 -25.9561 4.1271 -42.9942 88.4582 10.2827 -21.483 -23.8706 186.285 53.5258 13.8664 -2.47815 7.4672 -95.082 42.5403 29.185 35.6683 8.67429 -15.0207 -15.0636 10.2827 40.4962 -31.5587 48.7894 183.6 109.606 45.8906 26.5585 384.646 -112.892 63.496 32.7761 -15.2555 37.1915 40.033 35.3721 -21.483 -31.5587 122.477 -70.3213 -498.686 -191.383 -98.0645 -43.7458 -738.738 208.4 -106.031 -89.7427 339.162 84.703 -35.1367 -1.31938 -23.8706 48.7894 -70.3213 694.405 204.947 52.4999 64.2648 20.5207 1155.32 -266.007 271.886 134.546 140.301 -978.647 -700.748 -159.747 186.285 183.6 -498.686 204.947 6586.5 2093.06 1437.23 563.868 6121.36 -2431.32 693.446 949.734 82.3626 -289.691 -241.532 -46.9085 53.5258 109.606 -191.383 52.4999 2093.06 1022.39 497.764 224.548 2265.36 -857.903 228.572 297.93 104.895 -146.271 -174.36 -5.26332 13.8664 45.8906 -98.0645 64.2648 1437.23 497.764 685.305 145.564 1424.6 -514.935 103.044 196.733 103.634 -61.7691 -172.926 2.58245 -2.47815 26.5585 -43.7458 20.5207 563.868 224.548 145.564 457.259 999.444 -235.144 35.4457 61.4669 894.881 -524.721 -792.337 -152.692 7.4672 384.646 -738.738 1155.32 6121.36 2265.36 1424.6 999.444 10308.9 -2699.95 1269.08 1053.12 -203.421 324.47 260.222 70.5604 -95.082 -112.892 208.4 -266.007 -2431.32 -857.903 -514.935 -235.144 -2699.95 1177.86 -389.779 -392.779 169.581 -64.3147 -65.0951 -51.2987 42.5403 63.496 -106.031 271.886 693.446 228.572 103.044 35.4457 1269.08 -389.779 363.675 186.71 69.7534 -141.483 -99.5533 -25.8403 29.185 32.7761 -89.7427 134.546 949.734 297.93 196.733 61.4669 1053.12 -392.779 186.71 188.56
348.973 -84.3266 21.0039 3.9765 7.11115 11.0656 55.361 -53.1719 -162 54.374 -57.7526 -195.234 102.823 154.759 33.2941 64.1808 -84.3266 123.479 -0.0438093 -29.2941 14.1286 -14.2433 -67.9082 -20.9809 184.001 65.7658 46.3526 45.1552 -3.29891 -141.318 -18.3898 -57.5272 21.0039 -0.0438093 56.1888 -4.93834 51.0805 -2.38221 14.8976 46.0582 -115.571 -106.546 64.8483 -199.143 523.494 49.626 -45.9671 -0.879333 3.9765 -29.2941 -4.93834 40.213 6.49926 4.9898 14.7846 33.9301 -43.2172 -41.6468 17.3259 -2.40087 47.3427 3.3477 1.53969 14.2026 7.11115 14.1286 51.0805 6.49926 153.222 4.89 -11.536 83.3328 -5.35187 -213.064 172.27 -213.66 727 -91.2732 -81.7445 -19.8691 11.0656 -14.2433 -2.38221 4.9898 4.89 35.687 36.5332 -2.29467 -101.163 -60.3706 -48.0831 -13.3101 159.358 23.5799 14.533 5.89558 55.361 -67.9082 14.8976 14.7846 -11.536 36.5332 179.311 -32.1523 -245.771 -153.234 -22.9532 -105.157 447.108 138.949 11.0616 22.5094 -53.1719 -20.9809 46.0582 33.9301 83.3328 -2.29467 -32.1523 561.632 -244.034 -183.119 132.374 -262.776 592.605 44.9089 -32.8065 10.1283 -162 184.001 -115.571 -43.2172 -5.35187 -101.163 -245.771 -244.034 1753.29 688.99 120.767 753.427 -2611.04 -724.558 37.4493 -103.535 54.374 65.7658 -106.546 -41.6468 -213.064 -60.3706 -153.234 -183.119 688.99 1186.52 -359.552 767.397 -3056.98 -120.222 199.13 27.2854 -57.7526 46.3526 64.8483 17.3259 172.27 -48.0831 -22.9532 132.374 120.767 -359.552 787.657 -284.394 896.766 -115.795 -227.315 -81.7746 -195.234 45.1552 -199.143 -2.40087 -213.66 -13.3101 -105.157 -262.776 753.427 767.397 -284.394 1366.09 -3460.93 -311.728 135.534 -50.7926 102.823 -3.29891 523.494 47.3427 727 159.358 447.108 592.605 -2611.04 -3056.98 896.766 -3460.93 12756.9 736.635 -634.444 -78.2675 154.759 -141.318 49.626 3.3477 -91.2732 23.5799 138.949 44.9089 -724.558 -120.222 -115.795 -311.728 736.635 630.04 11.2482 78.8277 33.2941 -18.3898 -45.9671 1.53969 -81.7445 14.533 11.0616 -32.8065 37.4493 199.13 -227.315 135.534 -634.444 11.2482 158.149 44.1187 64.1808 -57.5272 -0.879333 14.2026 -19.8691 5.89558 22.5094 10.1283 -103.535 27.2854 -81.7746 -50.7926 -78.2675 78.8277 44.1187 65.2232
939.641 17.8184 28.9453 31.7848 -12.5672 76.665 -70.8007 -166.054 -24.5751 148.291 54.5163 21.7892 1235.85 62.9357 21.9922 -75.3747 17.8184 54.4955 3.40918 -10.8435 -11.2424 -3.10395 -3.46565 75.4446 38.432 42.297 81.5409 22.7271 -121.599 6.81287 -43.5483 -0.53748 28.9453 3.40918 127.955 60.5475 61.0766 10.9701 -46.311 203.782 101.905 -150.774 -39.4183 50.3693 326.505 -112.47 92.2504 36.9049 31.7848 -10.8435 60.5475 111.133 61.4312 31.6488 -10.3624 -42.9513 134.261 -109.196 -93.5226 43.8111 773.5 -41.0322 85.0103 23.8028 -12.5672 -11.2424 61.0766 61.4312 126.563 12.8655 -20.2837 32.328 23.087 -159.139 -44.994 39.7617 385.195 -81.9334 55.5197 36.3572 76.665 -3.10395 10.9701 31.6488 12.8655 38.8324 -12.158 -31.6935 82.7993 -4.81141 -16.738 9.91159 308.424 28.147 29.6055 3.60523 -70.8007 -3.46565 -46.311 -10.3624 -20.2837 -12.158 82.0079 -108.871 16.6429 30.0145 -15.0994 -25.4402 -86.695 3.19888 -13.3267 -7.31755 -166.054 75.4446 203.782 -42.9513 32.328 -31.6935 -108.871 1310.71 526.973 -230.005 150.425 258.149 -1543.2 -153.012 40.4268 130.113 -24.5751 38.432 101.905 134.261 23.087 82.7993 16.6429 526.973 1435.9 -67.8103 -53.6851 316.688 820.516 80.1239 136.983 85.2993 148.291 42.297 -150.774 -109.196 -159.139 -4.81141 30.0145 -230.005 -67.8103 533.862 110.952 -23.9481 -104.608 286.652 -189.734 -97.5184 54.5163 81.5409 -39.4183 -93.5226 -44.994 -16.738 -15.0994 150.425 -53.6851 110.952 503.342 1.6953 -961.367 92.5092 -182.597 12.5646 21.7892 22.7271 50.3693 43.8111 39.7617 9.91159 -25.4402 258.149 316.688 -23.9481 1.6953 337.966 322.855 30.0882 -15.0341 20.9644 1235.85 -121.599 326.505 773.5 385.195 308.424 -86.695 -1543.2 820.516 -104.608 -961.367 322.855 10709.1 248.702 566.524 -51.6655 62.9357 6.81287 -112.47 -41.0322 -81.9334 28.147 3.19888 -153.012 80.1239 286.652 92.5092 30.0882 248.702 417.295 -148.507 -27.2446 21.9922 -43.5483 92.2504 85.0103 55.5197 29.6055 -13.3267 40.4268 136.983 -189.734 -182.597 -15.0341 566.524 -148.507 216.799 25.7188 -75.3747 -0.53748 36.9049 23.8028 36.3572 3.60523 -7.31755 130.113 85.2993 -97.5184 12.5646 20.9644 -51.6655 -27.2446 25.7188 55.1475
