406.368 90.7446 78.0795 -55.8616 -3.07732 -10.3206 41.3855 38.5628 51.474 4.32721 -62.0171 83.7369 149.544 -43.8077 -61.3706 -58.8418 90.7446 89.5116 30.7892 -27.008 -29.9993 -9.07045 11.908 -21.7776 -22.8734 10.9649 -31.6774 23.5351 33.55 -35.2918 -32.3486 -36.8114 78.0795 30.7892 49.1791 -3.39984 -7.61854 9.38943 18.7594 -28.4598 61.0798 24.5529 -28.2766 24.6203 5.09497 -16.8935 -1.34043 -26.6527 -55.8616 -27.008 -3.39984 128.16 83.3059 50.6981 -62.7008 26.2229 201.711 -83.3231 36.5846 -2.68724 16.9548 7.12224 15.856 11.4293 -3.07732 -29.9993 -7.61854 83.3059 114.453 37.7674 -54.5454 55.9959 150.293 -97.3858 -9.86771 -1.48998 65.6003 23.9226 -22.3439 21.0959 -10.3206 -9.07045 9.38943 50.6981 37.7674 41.2453 -22.5038 -17.4952 115.265 -52.447 -11.573 -14.0466 -7.06214 7.31939 13.7725 7.93496 41.3855 11.908 18.7594 -62.7008 -54.5454 -22.5038 126.401 -57.9484 -120.49 62.1773 32.3957 -56.2778 -104.579 8.97842 13.5229 -24.3551 38.5628 -21.7776 -28.4598 26.2229 55.9959 -17.4952 -57.9484 458.751 145.933 -5.61085 134.585 97.1973 168.77 9.3974 -14.3988 -21.5945 51.474 -22.8734 61.0798 201.711 150.293 115.265 -120.49 145.933 1211.02 -77.7578 -4.39609 188.186 367.394 65.2885 -8.00221 17.2139 4.32721 10.9649 24.5529 -83.3231 -97.3858 -52.447 62.1773 -5.61085 -77.7578 300.623 97.5325 82.959 -72.9903 -26.2522 33.6389 -26.8061 -62.0171 -31.6774 -28.2766 36.5846 -9.86771 -11.573 32.3957 134.585 -4.39609 97.5325 435.021 -6.54408 -20.4136 13.0269 82.3327 -15.2932 83.7369 23.5351 24.6203 -2.68724 -1.48998 -14.0466 -56.2778 97.1973 188.186 82.959 -6.54408 217.258 157.055 -26.8601 -33.1513 -17.6745 149.544 33.55 5.09497 16.9548 65.6003 -7.06214 -104.579 168.77 367.394 -72.9903 -20.4136 157.055 1153.78 28.7022 -132.625 48.488 -43.8077 -35.2918 -16.8935 7.12224 23.9226 7.31939 8.97842 9.3974 65.2885 -26.2522 13.0269 -26.8601 28.7022 170.278 6.74912 34.9016 -61.3706 -32.3486 -1.34043 15.856 -22.3439 13.7725 13.5229 -14.3988 -8.00221 33.6389 82.3327 -33.1513 -132.625 6.74912 121.263 -7.38184 -58.8418 -36.8114 -26.6527 11.4293 21.0959 7.93496 -24.3551 -21.5945 17.2139 -26.8061 -15.2932 -17.6745 48.488 34.9016 -7.38184 53.1571
677.168 47.3188 92.4621 -145.822 11.8369 -5.84403 40.6639 53.1024 134.619 -129.104 -293.165 57.415 3.37763 -10.2522 -72.9524 -71.2691 47.3188 44.2853 15.3317 -22.9393 -3.38166 -0.371346 11.7305 13.8633 -4.96914 -2.95815 -20.9087 12.0122 -28.6531 7.96438 -13.4097 -6.86196 92.4621 15.3317 37.2276 -47.7325 -11.9454 -6.45933 19.1286 -10.9151 3.60594 4.73857 -45.0865 20.7046 -54.5734 -4.35449 -6.07637 -12.2596 -145.822 -22.9393 -47.7325 196.06 104.033 50.1651 -48.8071 109.851 148.984 -70.208 151.323 -51.8054 183.1 -35.5456 52.0461 34.8521 11.8369 -3.38166 -11.9454 104.033 103.985 35.7868 -26.7073 97.255 129.243 -71.4086 50.0317 -27.4065 116.413 -16.3216 28.779 17.1999 -5.84403 -0.371346 -6.45933 50.1651 35.7868 40.7481 -20.8276 70.2826 92.2597 -13.4551 52.53 2.72557 24.2981 -4.97742 17.6024 -1.41904 40.6639 11.7305 19.1286 -48.8071 -26.7073 -20.8276 69.6405 -45.4664 -66.6518 -19.6635 -55.1926 3.48387 -49.1479 13.3871 -8.80634 -8.5882 53.1024 13.8633 -10.9151 109.851 97.255 70.2826 -45.4664 596.053 55.3283 -89.6859 13.9758 48.2495 174.02 -39.4191 12.2351 -0.0855875 134.619 -4.96914 3.60594 148.984 129.243 92.2597 -66.6518 55.3283 924.16 -96.7508 207.343 19.0968 305.78 -134.059 94.6763 23.033 -129.104 -2.95815 4.73857 -70.208 -71.4086 -13.4551 -19.6635 -89.6859 -96.7508 580.692 91.5185 56.6002 -127.32 -68.511 16.8248 -10.706 -293.165 -20.9087 -45.0865 151.323 50.0317 52.53 -55.1926 13.9758 207.343 91.5185 441.386 -36.3528 103.642 -56.2634 95.193 46.4288 57.415 12.0122 20.7046 -51.8054 -27.4065 2.72557 3.48387 48.2495 19.0968 56.6002 -36.3528 162.733 58.5734 14.6488 -24.8119 -14.5664 3.37763 -28.6531 -54.5734 183.1 116.413 24.2981 -49.1479 174.02 305.78 -127.32 103.642 58.5734 1076.52 -18.062 -19.4686 23.6361 -10.2522 7.96438 -4.35449 -35.5456 -16.3216 -4.97742 13.3871 -39.4191 -134.059 -68.511 -56.2634 14.6488 -18.062 187.111 -33.9516 -7.71046 -72.9524 -13.4097 -6.07637 52.0461 28.779 17.6024 -8.80634 12.2351 94.6763 16.8248 95.193 -24.8119 -19.4686 -33.9516 85.9214 20.204 -71.2691 -6.86196 -12.2596 34.8521 17.1999 -1.41904 -8.5882 -0.0855875 23.033 -10.706 46.4288 -14.5664 23.6361 -7.71046 20.204 29.0349
566.739 42.0018 -61.1795 -24.8119 -38.6516 63.0442 64.1592 206.438 306.246 -417.102 41.135 33.4438 -89.9595 -156.42 -31.3543 -83.1888 42.0018 122.083 -31.3899 -17.1235 -25.2608 25.6983 63.7767 -5.03838 -44.5292 -178.707 -71.5226 15.1038 -48.3168 36.2721 -40.2562 -35.3089 -61.1795 -31.3899 32.5955 6.57076 3.24649 -9.14223 -29.0539 -2.22611 -1.788 124.508 20.1069 11.2506 33.7036 5.76957 11.5043 18.1556 -24.8119 -17.1235 6.57076 62.2087 10.6039 -2.75883 -3.80572 17.4581 -7.23827 -18.0634 15.1548 -5.061 37.3395 96.214 38.4648 6.4909 -38.6516 -25.2608 3.24649 10.6039 49.6935 -24.8562 -2.61142 -54.3182 -70.5356 27.3678 -13.0085 -67.2359 -2.64919 -8.70339 11.5552 19.7172 63.0442 25.6983 -9.14223 -2.75883 -24.8562 32.4388 5.18187 46.8084 77.3591 -94.7229 5.55347 38.7128 -7.84717 4.90477 -5.05616 -20.3676 64.1592 63.7767 -29.0539 -3.80572 -2.61142 5.18187 102.746 -27.778 -68.1196 -130.725 -45.2696 -11.8904 34.1765 32.6386 -0.188466 -22.6719 206.438 -5.03838 -2.22611 17.4581 -54.3182 46.8084 -27.778 663.689 176.289 -105.032 87.6712 225.795 -65.7471 97.3205 -16.9474 -55.1856 306.246 -44.5292 -1.788 -7.23827 -70.5356 77.3591 -68.1196 176.289 958.393 -142.254 125.004 60.0103 95.6248 -125.753 62.0499 -33.3384 -417.102 -178.707 124.508 -18.0634 27.3678 -94.7229 -130.725 -105.032 -142.254 1205.56 108.637 -21.6008 269.578 -68.6396 30.9293 144.695 41.135 -71.5226 20.1069 15.1548 -13.0085 5.55347 -45.2696 87.6712 125.004 108.637 227.298 55.0194 18.5188 5.58812 23.2281 13.0152 33.4438 15.1038 11.2506 -5.061 -67.2359 38.7128 -11.8904 225.795 60.0103 -21.6008 55.0194 352.219 -18.8381 64.4625 -23.2454 -42.1336 -89.9595 -48.3168 33.7036 37.3395 -2.64919 -7.84717 34.1765 -65.7471 95.6248 269.578 18.5188 -18.8381 1053.12 69.1142 52.7988 46.6915 -156.42 36.2721 5.76957 96.214 -8.70339 4.90477 32.6386 97.3205 -125.753 -68.6396 5.58812 64.4625 69.1142 473.783 58.9122 -14.125 -31.3543 -40.2562 11.5043 38.4648 11.5552 -5.05616 -0.188466 -16.9474 62.0499 30.9293 23.2281 -23.2454 52.7988 58.9122 106.153 11.0484 -83.1888 -35.3089 18.1556 6.4909 19.7172 -20.3676 -22.6719 -55.1856 -33.3384 144.695 13.0152 -42.1336 46.6915 -14.125 11.0484 37.3972
322.966 3.47646 -1.65007 -11.457 -13.4102 5.44898 67.4783 81.0381 121.187 -45.0421 36.3637 -106.269 84.3807 -42.6522 49.4322 -34.7405 3.47646 74.4196 -12.7619 -32.1486 13.3278 23.452 44.1091 56.927 -9.64096 -59.9382 -20.8351 32.7262 -17.0674 -53.6124 10.269 -1.29203 -1.65007 -12.7619 29.7292 10.3351 5.68186 -1.06085 14.5167 -61.1644 36.3284 56.2338 3.14266 -26.1316 -23.4212 -34.5683 -3.99519 8.18248 -11.457 -32.1486 10.3351 60.3316 -8.96585 -15.6436 -24.0909 -49.7058 43.7652 57.5755 42.4129 -5.44364 60.7851 45.3854 1.94216 1.49371 -13.4102 13.3278 5.68186 -8.96585 45.993 1.82856 6.38566 -20.728 38.8413 41.2148 -7.93567 17.5199 -72.9838 -38.3407 -2.13798 7.50377 5.44898 23.452 -1.06085 -15.6436 1.82856 28.7239 27.392 39.5562 2.14988 -29.1956 -11.5369 -17.814 3.49071 -33.6991 8.45966 0.238211 67.4783 44.1091 14.5167 -24.0909 6.38566 27.392 141.738 20.9777 73.9285 -46.1835 4.33874 -50.339 -51.732 -98.1806 18.1748 -13.884 81.0381 56.927 -61.1644 -49.7058 -20.728 39.5562 20.9777 513.052 -7.69478 -202.606 83.8992 12.977 118.16 153.038 31.0501 -52.1803 121.187 -9.64096 36.3284 43.7652 38.8413 2.14988 73.9285 -7.69478 872.952 258.922 -33.0964 -85.6385 169.103 -44.6652 102.788 -6.44756 -45.0421 -59.9382 56.2338 57.5755 41.2148 -29.1956 -46.1835 -202.606 258.922 457.311 -29.4982 16.0729 0.777775 -71.7827 -3.75032 60.2672 36.3637 -20.8351 3.14266 42.4129 -7.93567 -11.5369 4.33874 83.8992 -33.0964 -29.4982 279.215 -32.2574 -17.3771 79.5795 -3.57413 -43.3681 -106.269 32.7262 -26.1316 -5.44364 17.5199 -17.814 -50.339 12.977 -85.6385 16.0729 -32.2574 285.778 -85.0905 62.6377 -45.5591 23.9253 84.3807 -17.0674 -23.4212 60.7851 -72.9838 3.49071 -51.732 118.16 169.103 0.777775 -17.3771 -85.0905 1442.83 108.193 23.3028 -21.627 -42.6522 -53.6124 -34.5683 45.3854 -38.3407 -33.6991 -98.1806 153.038 -44.6652 -71.7827 79.5795 62.6377 108.193 374.841 -8.26607 -26.428 49.4322 10.269 -3.99519 1.94216 -2.13798 8.45966 18.1748 31.0501 102.788 -3.75032 -3.57413 -45.5591 23.3028 -8.26607 63.9834 -4.68109 -34.7405 -1.29203 8.18248 1.49371 7.50377 0.238211 -13.884 -52.1803 -6.44756 60.2672 -43.3681 23.9253 -21.627 -26.428 -4.68109 34.0509
260.568 24.2619 -28.1399 6.68252 -14.8774 6.76098 -12.8992 103.409 -87.6556 78.6362 -9.25605 5.5134 -39.0017 26.031 17.6338 38.7399 24.2619 35.1971 -3.56261 -3.59029 -7.7009 3.03838 10.7344 17.3502 -18.7875 7.56118 1.83274 -8.00973 -10.5499 -10.468 -13.2109 11.7756 -28.1399 -3.56261 33.4732 -6.23512 10.6952 -1.86964 -9.84633 -16.5749 56.0858 -26.0574 -14.6664 -17.7864 -47.2633 -2.10449 -8.70336 -4.42043 6.68252 -3.59029 -6.23512 51.5491 -4.50201 -9.72294 -39.6599 -13.5337 5.28234 12.1722 30.2381 -8.13308 33.1897 24.1024 -12.5531 -25.1807 -14.8774 -7.7009 10.6952 -4.50201 45.1189 -6.62233 -9.79746 -40.047 8.11369 -27.4564 4.88574 16.2968 -79.0681 3.18239 -7.97104 -12.7028 6.76098 3.03838 -1.86964 -9.72294 -6.62233 30.3714 24.0277 37.9403 71.2579 1.14144 -8.77115 3.48437 -22.7976 9.68537 17.0764 18.905 -12.8992 10.7344 -9.84633 -39.6599 -9.79746 24.0277 106.001 59.5634 17.4445 -17.6476 7.10395 -7.2254 58.3641 0.924482 27.4876 33.7034 103.409 17.3502 -16.5749 -13.5337 -40.047 37.9403 59.5634 482.213 135.272 13.0397 44.7379 -37.3997 74.9714 101.482 87.655 84.8803 -87.6556 -18.7875 56.0858 5.28234 8.11369 71.2579 17.4445 135.272 774.381 3.2954 -20.3499 6.06922 -96.884 90.4063 35.8193 41.0931 78.6362 7.56118 -26.0574 12.1722 -27.4564 1.14144 -17.6476 13.0397 3.2954 263.15 -36.8877 75.3573 60.6105 31.979 29.2786 30.3215 -9.25605 1.83274 -14.6664 30.2381 4.88574 -8.77115 7.10395 44.7379 -20.3499 -36.8877 272.457 -47.5448 199.833 60.917 31.0287 1.16899 5.5134 -8.00973 -17.7864 -8.13308 16.2968 3.48437 -7.2254 -37.3997 6.06922 75.3573 -47.5448 249.547 -70.6629 12.4258 0.860955 1.20528 -39.0017 -10.5499 -47.2633 33.1897 -79.0681 -22.7976 58.3641 74.9714 -96.884 60.6105 199.833 -70.6629 1385.89 59.9506 69.2786 55.6243 26.031 -10.468 -2.10449 24.1024 3.18239 9.68537 0.924482 101.482 90.4063 31.979 60.917 12.4258 59.9506 247.655 45.7481 -5.61159 17.6338 -13.2109 -8.70336 -12.5531 -7.97104 17.0764 27.4876 87.655 35.8193 29.2786 31.0287 0.860955 69.2786 45.7481 85.4982 30.3666 38.7399 11.7756 -4.42043 -25.1807 -12.7028 18.905 33.7034 84.8803 41.0931 30.3215 1.16899 1.20528 55.6243 -5.61159 30.3666 58.2599
148.888 15.2135 -13.9358 3.80968 -18.1419 6.23484 20.8616 -34.5518 -60.7497 -34.963 -48.0629 43.238 60.8817 -2.06613 2.52819 6.98775 15.2135 43.6524 -3.07361 0.644461 -12.1059 5.07896 7.86567 12.5564 -11.7172 -8.65931 -2.92804 17.6573 0.843569 -2.46928 6.53819 7.16097 -13.9358 -3.07361 24.6191 -1.37661 5.92437 -3.11058 -1.36903 22.1931 43.1421 34.3155 9.64779 -4.24081 -55.9874 18.5562 3.4158 -3.49096 3.80968 0.644461 -1.37661 27.2702 -14.3978 -2.21121 -12.8978 -36.2638 -63.4548 -15.7879 -20.5381 13.5941 28.6092 -0.475346 9.18212 -3.73306 -18.1419 -12.1059 5.92437 -14.3978 63.7492 -2.79505 -5.62871 94.1205 72.6684 47.7274 70.6386 -56.4055 -47.4408 -19.1732 7.77721 22.9716 6.23484 5.07896 -3.11058 -2.21121 -2.79505 13.4321 5.53372 -7.00456 19.9136 -12.0713 -12.9296 -0.789964 -9.92119 -19.0302 -6.23625 1.36726 20.8616 7.86567 -1.36903 -12.8978 -5.62871 5.53372 45.1953 12.6399 41.9295 -13.83 -6.66414 13.622 12.9704 -6.53507 -12.2199 2.53741 -34.5518 12.5564 22.1931 -36.2638 94.1205 -7.00456 12.6399 721.957 346.395 -47.9585 252.95 -231.621 -21.7943 -96.6303 51.1373 119.132 -60.7497 -11.7172 43.1421 -63.4548 72.6684 19.9136 41.9295 346.395 817.934 49.4521 193.613 -152.259 -98.6741 -13.3428 -20.0712 55.954 -34.963 -8.65931 34.3155 -15.7879 47.7274 -12.0713 -13.83 -47.9585 49.4521 341.801 -40.0158 103.514 -168.535 137.393 23.9573 -20.4998 -48.0629 -2.92804 9.64779 -20.5381 70.6386 -12.9296 -6.66414 252.95 193.613 -40.0158 434.632 -175.204 -38.2389 -99.6204 9.50932 48.0858 43.238 17.6573 -4.24081 13.5941 -56.4055 -0.789964 13.622 -231.621 -152.259 103.514 -175.204 332.318 -67.2019 120.611 -1.98386 -57.3645 60.8817 0.843569 -55.9874 28.6092 -47.4408 -9.92119 12.9704 -21.7943 -98.6741 -168.535 -38.2389 -67.2019 1130.96 -14.7911 61.4325 34.7816 -2.06613 -2.46928 18.5562 -0.475346 -19.1732 -19.0302 -6.53507 -96.6303 -13.3428 137.393 -99.6204 120.611 -14.7911 307.698 26.7266 -44.2325 2.52819 6.53819 3.4158 9.18212 7.77721 -6.23625 -12.2199 51.1373 -20.0712 23.9573 9.50932 -1.98386 61.4325 26.7266 88.9954 13.2481 6.98775 7.16097 -3.49096 -3.73306 22.9716 1.36726 2.53741 119.132 55.954 -20.4998 48.0858 -57.3645 34.7816 -44.2325 13.2481 44.2758
189.862 -6.27724 10.1685 -21.049 0.475782 -14.0453 6.89319 63.4302 72.4262 9.69345 44.632 -63.0023 -11.544 41.1656 55.7869 18.8481 -6.27724 72.7293 2.4035 4.21637 -12.643 -8.14094 -2.03894 6.80629 -56.7185 -69.3044 47.9998 -11.6763 -40.5448 -3.49454 -29.9942 1.78598 10.1685 2.4035 23.2619 -1.46038 11.8559 -0.40705 1.96338 11.9868 10.0527 12.794 10.7548 3.06533 38.018 22.9747 14.6965 5.23801 -21.049 4.21637 -1.46038 47.2508 -17.2248 13.266 -17.0993 -92.7186 -67.5992 -27.7191 -37.721 -0.82557 -147.201 -74.2606 -56.6435 -23.8266 0.475782 -12.643 11.8559 -17.2248 63.4121 -8.4695 0.539245 75.6685 92.4523 48.9553 36.0732 20.3079 172.237 54.2808 68.6847 25.1349 -14.0453 -8.14094 -0.40705 13.266 -8.4695 29.5048 -9.82263 -36.9886 -49.6777 -25.167 -27.9636 12.8528 -91.84 -46.3437 -33.9417 -11.772 6.89319 -2.03894 1.96338 -17.0993 0.539245 -9.82263 44.6806 54.2677 20.8915 0.885508 20.6447 -5.54065 46.4217 32.091 21.5017 10.6647 63.4302 6.80629 11.9868 -92.7186 75.6685 -36.9886 54.2677 700.2 153.263 19.8284 156.492 -31.0978 303.578 152.048 150.623 104.112 72.4262 -56.7185 10.0527 -67.5992 92.4523 -49.6777 20.8915 153.263 619.201 160.48 130.257 -25.2742 500.109 160.541 219.629 59.6928 9.69345 -69.3044 12.794 -27.7191 48.9553 -25.167 0.885508 19.8284 160.48 290.023 -5.45852 21.3485 341.681 117.478 122.447 31.0036 44.632 47.9998 10.7548 -37.721 36.0732 -27.9636 20.6447 156.492 130.257 -5.45852 374.634 9.82532 190.701 57.6366 87.937 58.1391 -63.0023 -11.6763 3.06533 -0.82557 20.3079 12.8528 -5.54065 -31.0978 -25.2742 21.3485 9.82532 197.283 57.0369 0.635821 -0.25883 -0.255092 -11.544 -40.5448 38.018 -147.201 172.237 -91.84 46.4217 303.578 500.109 341.681 190.701 57.0369 1766.71 404.221 354.787 118.452 41.1656 -3.49454 22.9747 -74.2606 54.2808 -46.3437 32.091 152.048 160.541 117.478 57.6366 0.635821 404.221 339.856 127.978 44.8957 55.7869 -29.9942 14.6965 -56.6435 68.6847 -33.9417 21.5017 150.623 219.629 122.447 87.937 -0.25883 354.787 127.978 202.937 49.7083 18.8481 1.78598 5.23801 -23.8266 25.1349 -11.772 10.6647 104.112 59.6928 31.0036 58.1391 -0.255092 118.452 44.8957 49.7083 38.5682
251.515 -1.62828 9.15103 2.736 -38.4557 -1.85091 -7.00466 20.1715 -79.0853 -0.134314 14.5051 -27.9473 -132.989 -25.0903 -70.4678 -6.12732 -1.62828 59.0421 -9.90453 21.1109 -3.10382 3.3701 -12.5027 -14.6626 20.0838 52.1067 0.434528 23.0821 -45.2965 -61.8913 -37.2926 0.119906 9.15103 -9.90453 20.9628 -2.00059 13.001 -3.94931 2.31202 15.2201 28.6037 11.2639 -0.0299048 -12.4355 48.1995 20.2422 19.6881 7.90397 2.736 21.1109 -2.00059 80.9633 10.7269 10.0186 -4.63965 -31.8115 79.1992 76.3132 10.4399 -19.8311 -37.8474 -91.7403 -34.7729 10.3675 -38.4557 -3.10382 13.001 10.7269 50.3011 6.95556 12.6177 12.8378 55.2834 31.1298 6.49776 -9.71155 64.9681 26.0233 37.0165 17.7529 -1.85091 3.3701 -3.94931 10.0186 6.95556 33.9985 -0.656631 13.1057 11.0036 14.0881 3.72908 -4.50911 -89.0085 14.0107 -12.7636 6.0339 -7.00466 -12.5027 2.31202 -4.63965 12.6177 -0.656631 93.7156 38.6236 -46.5078 -30.6138 27.4122 17.4283 -12.8533 106.73 -14.7349 16.8287 20.1715 -14.6626 15.2201 -31.8115 12.8378 13.1057 38.6236 439.692 33.7116 -41.2557 32.7067 -33.2221 -60.0933 188.083 27.6008 3.70435 -79.0853 20.0838 28.6037 79.1992 55.2834 11.0036 -46.5078 33.7116 457.841 167.15 1.40536 -24.2959 316.844 -129.224 69.4517 15.6435 -0.134314 52.1067 11.2639 76.3132 31.1298 14.0881 -30.6138 -41.2557 167.15 369.085 26.9302 -19.1114 190.393 -119.445 33.4122 17.4614 14.5051 0.434528 -0.0299048 10.4399 6.49776 3.72908 27.4122 32.7067 1.40536 26.9302 278.066 17.6499 63.7703 54.603 -8.57415 23.7946 -27.9473 23.0821 -12.4355 -19.8311 -9.71155 -4.50911 17.4283 -33.2221 -24.2959 -19.1114 17.6499 176.391 41.7076 17.7144 -34.4483 -10.8437 -132.989 -45.2965 48.1995 -37.8474 64.9681 -89.0085 -12.8533 -60.0933 316.844 190.393 63.7703 41.7076 1485.91 -65.9249 282.341 -35.2348 -25.0903 -61.8913 20.2422 -91.7403 26.0233 14.0107 106.73 188.083 -129.224 -119.445 54.603 17.7144 -65.9249 442.65 35.2616 33.9913 -70.4678 -37.2926 19.6881 -34.7729 37.0165 -12.7636 -14.7349 27.6008 69.4517 33.4122 -8.57415 -34.4483 282.341 35.2616 175.267 -1.44772 -6.12732 0.119906 7.90397 10.3675 17.7529 6.0339 16.8287 3.70435 15.6435 17.4614 23.7946 -10.8437 -35.2348 33.9913 -1.44772 36.0824
192.012 -2.21791 -25.965 2.87574 -17.2294 5.48488 -12.4509 -19.7122 95.1899 54.6212 34.1223 -59.1531 -83.447 -80.3274 -53.1682 -0.248656 -2.21791 50.8427 5.00814 6.61576 -1.3284 14.8773 -12.9926 8.58077 -26.9096 -22.3316 -19.2175 -27.7211 137.464 18.5712 37.2536 -19.4644 -25.965 5.00814 24.4251 -1.5049 4.21566 9.3968 -1.46609 42.977 -15.7162 -32.929 7.65515 -1.31322 -37.6415 9.18106 3.45376 -0.898657 2.87574 6.61576 -1.5049 44.4142 -3.50807 8.76326 5.12186 -34.0437 -41.3455 -31.6186 -19.5776 -14.1193 9.94456 -22.9003 -12.2631 7.87141 -17.2294 -1.3284 4.21566 -3.50807 25.0082 -1.83597 2.32518 -11.6219 -51.2597 2.43401 -5.49626 0.75438 -19.1606 -2.45546 -2.37249 -2.23836 5.48488 14.8773 9.3968 8.76326 -1.83597 30.2712 -2.89815 -5.73447 -3.61319 -57.2874 10.9025 -9.85645 -36.5904 3.72975 -7.63655 -8.93326 -12.4509 -12.9926 -1.46609 5.12186 2.32518 -2.89815 39.9475 -30.5428 -34.9647 -6.46267 35.174 21.9639 -61.117 -4.07752 -18.4589 5.96149 -19.7122 8.58077 42.977 -34.0437 -11.6219 -5.73447 -30.5428 411.213 89.9708 2.20995 40.6445 -71.1948 67.2698 52.2449 79.9103 0.471803 95.1899 -26.9096 -15.7162 -41.3455 -51.2597 -3.61319 -34.9647 89.9708 606.555 97.0851 46.6431 71.4908 -28.9496 -49.0938 -21.0673 7.83233 54.6212 -22.3316 -32.929 -31.6186 2.43401 -57.2874 -6.46267 2.20995 97.0851 427.763 -90.7902 49.6494 -38.956 -87.8862 -84.9817 21.3186 34.1223 -19.2175 7.65515 -19.5776 -5.49626 10.9025 35.174 40.6445 46.6431 -90.7902 303.133 15.4144 -185.061 -20.4182 -22.6896 -19.7073 -59.1531 -27.7211 -1.31322 -14.1193 0.75438 -9.85645 21.9639 -71.1948 71.4908 49.6494 15.4144 267.243 -183.01 12.182 -55.2489 23.0143 -83.447 137.464 -37.6415 9.94456 -19.1606 -36.5904 -61.117 67.2698 -28.9496 -38.956 -185.061 -183.01 1914.2 150.498 416.44 -92.8835 -80.3274 18.5712 9.18106 -22.9003 -2.45546 3.72975 -4.07752 52.2449 -49.0938 -87.8862 -20.4182 12.182 150.498 195.54 93.1916 -12.2624 -53.1682 37.2536 3.45376 -12.2631 -2.37249 -7.63655 -18.4589 79.9103 -21.0673 -84.9817 -22.6896 -55.2489 416.44 93.1916 215.447 -37.0395 -0.248656 -19.4644 -0.898657 7.87141 -2.23836 -8.93326 5.96149 0.471803 7.83233 21.3186 -19.7073 23.0143 -92.8835 -12.2624 -37.0395 31.6191
167.161 -8.2367 -8.47309 7.7746 1.93948 -11.0267 -4.54267 -39.6998 109.496 52.628 34.0103 9.27559 -51.8275 -63.7647 -49.1185 14.5554 -8.2367 39.2402 4.62959 -7.87829 -1.34202 -15.0853 -4.90827 13.7203 -5.69491 -17.2968 27.4456 1.37612 -27.1297 0.145098 26.4328 -3.06913 -8.47309 4.62959 25.9272 -4.32039 -1.70124 0.42739 -6.76423 44.1395 -18.5385 -0.949991 9.03971 -33.1083 0.799777 13.2033 18.2882 5.35577 7.7746 -7.87829 -4.32039 23.5261 2.2996 2.6501 -0.648937 -33.5015 20.071 -15.1124 -12.2079 28.4655 43.9791 -25.3118 -16.7157 -4.26642 1.93948 -1.34202 -1.70124 2.2996 32.6806 -1.65702 4.87747 -31.7441 -12.3622 23.928 -2.1804 19.1603 37.7578 3.32101 7.13327 -0.584469 -11.0267 -15.0853 0.42739 2.6501 -1.65702 42.3204 18.5971 6.28179 -65.7741 -0.87634 -47.5242 4.12848 -14.4609 13.5054 -6.65019 2.88641 -4.54267 -4.90827 -6.76423 -0.648937 4.87747 18.5971 68.5014 -63.7755 -80.4697 -18.5562 -25.3026 47.7359 68.2176 31.6591 2.22329 0.192054 -39.6998 13.7203 44.1395 -33.5015 -31.7441 6.28179 -63.7755 485.313 -53.8611 2.51851 47.4088 -227.225 -191.784 11.3378 32.4958 8.64064 109.496 -5.69491 -18.5385 20.071 -12.3622 -65.7741 -80.4697 -53.8611 1005.89 75.3746 150.6 -29.7448 -78.677 -177.253 -189.391 39.2689 52.628 -17.2968 -0.949991 -15.1124 23.928 -0.87634 -18.5562 2.51851 75.3746 315.112 -16.9081 -92.6549 -166.117 -4.49232 -5.64441 34.9069 34.0103 27.4456 9.03971 -12.2079 -2.1804 -47.5242 -25.3026 47.4088 150.6 -16.9081 299.768 41.742 -215.378 -88.4333 -23.9153 0.351119 9.27559 1.37612 -33.1083 28.4655 19.1603 4.12848 47.7359 -227.225 -29.7448 -92.6549 41.742 349.06 121.175 -48.9198 -44.7892 -25.2836 -51.8275 -27.1297 0.799777 43.9791 37.7578 -14.4609 68.2176 -191.784 -78.677 -166.117 -215.378 121.175 1591.23 187.77 47.7785 -38.0757 -63.7647 0.145098 13.2033 -25.3118 3.32101 13.5054 31.6591 11.3378 -177.253 -4.49232 -88.4333 -48.9198 187.77 231.323 49.3693 7.77774 -49.1185 26.4328 18.2882 -16.7157 7.13327 -6.65019 2.22329 32.4958 -189.391 -5.64441 -23.9153 -44.7892 47.7785 49.3693 132.464 -7.47854 14.5554 -3.06913 5.35577 -4.26642 -0.584469 2.88641 0.192054 8.64064 39.2689 34.9069 0.351119 -25.2836 -38.0757 7.77774 -7.47854 20.0785
279.22 -67.3254 -30.178 17.079 -7.95799 6.68337 57.7039 -51.7913 213.827 -20.8886 18.9499 1.15746 -207.962 37.5102 -49.6328 -6.49571 -67.3254 63.6044 40.3448 -15.4757 -13.7719 -0.149398 -41.3979 70.8562 -137.521 -24.8144 -42.8899 -0.801112 144.476 30.8758 35.6862 13.663 -30.178 40.3448 57.4814 -13.8051 -25.7307 0.808152 -45.0514 87.4399 -99.2174 -18.3385 -29.2164 -16.5726 137.117 34.3698 32.8164 11.1687 17.079 -15.4757 -13.8051 34.3594 5.17647 7.3236 5.06213 8.26698 -28.0224 29.4416 3.6791 9.98964 -83.5881 -6.60895 -5.94333 -11.4349 -7.95799 -13.7719 -25.7307 5.17647 47.4239 0.452206 8.06547 -41.9295 6.90463 30.8095 13.0915 28.3329 -79.4092 -21.1475 -19.0466 -4.21039 6.68337 -0.149398 0.808152 7.3236 0.452206 16.5826 -2.19 0.490289 -26.4948 21.9094 -7.68893 13.1823 -10.2293 2.61847 -5.72106 -4.13648 57.7039 -41.3979 -45.0514 5.06213 8.06547 -2.19 143.577 -88.3742 151.414 81.4738 52.4983 -70.7071 -72.4971 -26.3074 -25.0342 -21.1903 -51.7913 70.8562 87.4399 8.26698 -41.9295 0.490289 -88.3742 418.589 -261.07 0.357227 -94.2898 25.2332 64.5641 46.1598 48.9284 -0.532153 213.827 -137.521 -99.2174 -28.0224 6.90463 -26.4948 151.414 -261.07 1177.16 -230.629 -12.7901 -91.8695 -443.703 -90.2293 -166.509 21.9573 -20.8886 -24.8144 -18.3385 29.4416 30.8095 21.9094 81.4738 0.357227 -230.629 480.583 93.5594 11.5717 -26.3735 0.0759725 8.16894 -43.3699 18.9499 -42.8899 -29.2164 3.6791 13.0915 -7.68893 52.4983 -94.2898 -12.7901 93.5594 306.239 -52.7036 -1.74666 -13.5982 -18.3752 -5.49091 1.15746 -0.801112 -16.5726 9.98964 28.3329 13.1823 -70.7071 25.2332 -91.8695 11.5717 -52.7036 275.998 -151.358 54.7051 -21.3433 -12.5614 -207.962 144.476 137.117 -83.5881 -79.4092 -10.2293 -72.4971 64.5641 -443.703 -26.3735 -1.74666 -151.358 1604.45 23.717 76.44 34.7073 37.5102 30.8758 34.3698 -6.60895 -21.1475 2.61847 -26.3074 46.1598 -90.2293 0.0759725 -13.5982 54.7051 23.717 251.703 25.3168 5.66844 -49.6328 35.6862 32.8164 -5.94333 -19.0466 -5.72106 -25.0342 48.9284 -166.509 8.16894 -18.3752 -21.3433 76.44 25.3168 105.952 3.94507 -6.49571 13.663 11.1687 -11.4349 -4.21039 -4.13648 -21.1903 -0.532153 21.9573 -43.3699 -5.49091 -12.5614 34.7073 5.66844 3.94507 24.6008
496.772 23.0072 -33.2126 39.9527 -27.6155 27.8975 -61.6351 -41.1553 -48.6398 -156.376 107.067 -78.4121 -935.073 149.476 74.4412 16.4616 23.0072 61.9194 -12.1758 30.1715 -16.5694 -0.877684 -62.9533 97.6738 -79.5862 -82.5481 78.7522 -18.19 -245.406 -19.3395 12.5803 10.8645 -33.2126 -12.1758 37.6927 -2.25324 25.3385 -5.32561 20.6209 -41.234 52.6754 69.8397 -8.61613 6.42277 89.2469 18.1818 14.76 3.48463 39.9527 30.1715 -2.25324 37.7569 -5.06399 3.74304 -47.0017 23.1936 -72.2878 -42.3717 62.9044 -18.9266 -226.935 12.5159 37.8785 8.09008 -27.6155 -16.5694 25.3385 -5.06399 47.3151 -4.00245 29.2001 -58.8125 54.195 86.9711 -37.1859 4.66492 58.4099 37.1664 39.8076 0.735523 27.8975 -0.877684 -5.32561 3.74304 -4.00245 26.2578 -8.08737 -9.44885 -2.672 -30.3675 2.45276 -24.2466 -61.6958 9.72057 17.8651 0.867337 -61.6351 -62.9533 20.6209 -47.0017 29.2001 -8.08737 151.777 -139.971 175.988 162.013 -166.103 -19.8954 545.537 14.8617 -29.6474 -8.2627 -41.1553 97.6738 -41.234 23.1936 -58.8125 -9.44885 -139.971 609.547 -141.835 -167.402 100.398 5.80965 -371.882 -142.311 -99.8032 11.9963 -48.6398 -79.5862 52.6754 -72.2878 54.195 -2.672 175.988 -141.835 827.847 182.286 -82.9475 30.8388 862.166 65.5539 -117.244 -9.51876 -156.376 -82.5481 69.8397 -42.3717 86.9711 -30.3675 162.013 -167.402 182.286 506.871 -249.995 -71.0593 736.636 28.9796 8.1521 9.06289 107.067 78.7522 -8.61613 62.9044 -37.1859 2.45276 -166.103 100.398 -82.9475 -249.995 462.203 46.2067 -562.028 -21.3112 18.3452 19.4341 -78.4121 -18.19 6.42277 -18.9266 4.66492 -24.2466 -19.8954 5.80965 30.8388 -71.0593 46.2067 252.486 -42.2259 21.4031 -38.6464 -27.7884 -935.073 -245.406 89.2469 -226.935 58.4099 -61.6958 545.537 -371.882 862.166 736.636 -562.028 -42.2259 4838.89 -427.725 -424.47 -24.1 149.476 -19.3395 18.1818 12.5159 37.1664 9.72057 14.8617 -142.311 65.5539 28.9796 -21.3112 21.4031 -427.725 332.592 122.582 5.12083 74.4412 12.5803 14.76 37.8785 39.8076 17.8651 -29.6474 -99.8032 -117.244 8.1521 18.3452 -38.6464 -424.47 122.582 202.27 11.0119 16.4616 10.8645 3.48463 8.09008 0.735523 0.867337 -8.2627 11.9963 -9.51876 9.06289 19.4341 -27.7884 -24.1 5.12083 11.0119 25.0924
367.857 20.9452 18.529 19.0603 -37.2826 7.97087 5.49527 -0.587551 182.3 -6.81715 -3.43243 -39.6049 -377.284 43.5745 34.7783 25.4334 20.9452 39.5056 -2.39994 8.62803 0.263925 16.8098 11.152 8.44747 5.56168 1.20403 -31.4488 -6.03937 -85.3178 -20.812 28.1752 10.2448 18.529 -2.39994 43.2704 5.27911 -21.6315 -12.3041 -14.6921 0.496612 44.2293 31.1477 27.2734 18.9532 -22.2188 7.1407 29.9116 16.2313 19.0603 8.62803 5.27911 31.7008 -3.62237 7.41714 5.36404 17.7429 19.9558 -40.5393 11.3935 -11.2872 -11.6237 -51.1305 17.2882 5.93226 -37.2826 0.263925 -21.6315 -3.62237 71.1823 1.86784 36.9623 -46.524 -100.641 0.828504 -21.0291 1.37448 51.4971 -13.2537 -23.9353 -17.5931 7.97087 16.8098 -12.3041 7.41714 1.86784 31.2085 14.2454 -10.39 -28.1145 -2.84452 -31.0171 -15.6353 6.40954 -11.0177 -1.57779 4.40835 5.49527 11.152 -14.6921 5.36404 36.9623 14.2454 61.7756 -18.5916 -61.947 -14.0127 -28.1624 -20.1209 -13.8889 2.08822 -22.08 -8.59684 -0.587551 8.44747 0.496612 17.7429 -46.524 -10.39 -18.5916 747.373 236.681 -194.496 95.2823 -142.267 53.0918 -153.156 74.0332 -1.51785 182.3 5.56168 44.2293 19.9558 -100.641 -28.1145 -61.947 236.681 597.41 -118.968 57.5223 -32.1814 -258.427 -40.6547 111.207 33.128 -6.81715 1.20403 31.1477 -40.5393 0.828504 -2.84452 -14.0127 -194.496 -118.968 454.466 -73.2947 25.6703 57.5524 159.379 -58.907 22.2634 -3.43243 -31.4488 27.2734 11.3935 -21.0291 -31.0171 -28.1624 95.2823 57.5223 -73.2947 209.633 58.8048 28.806 -62.7056 22.3647 4.65655 -39.6049 -6.03937 18.9532 -11.2872 1.37448 -15.6353 -20.1209 -142.267 -32.1814 25.6703 58.8048 209.162 -37.8059 -17.8224 28.8816 20.4333 -377.284 -85.3178 -22.2188 -11.6237 51.4971 6.40954 -13.8889 53.0918 -258.427 57.5524 28.806 -37.8059 1582.42 -158.19 -177.867 -28.761 43.5745 -20.812 7.1407 -51.1305 -13.2537 -11.0177 2.08822 -153.156 -40.6547 159.379 -62.7056 -17.8224 -158.19 389.101 -66.7134 -15.884 34.7783 28.1752 29.9116 17.2882 -23.9353 -1.57779 -22.08 74.0332 111.207 -58.907 22.3647 28.8816 -177.867 -66.7134 140.163 29.7262 25.4334 10.2448 16.2313 5.93226 -17.5931 4.40835 -8.59684 -1.51785 33.128 22.2634 4.65655 20.4333 -28.761 -15.884 29.7262 33.6716
284.998 39.5388 9.6329 22.0842 14.8746 -27.468 32.5189 -66.8762 -156.534 163.941 -5.96768 -76.5845 93.2108 -101.785 -94.7357 -9.28357 39.5388 68.8523 3.36903 -5.73018 -0.426749 6.71886 12.2801 46.3127 15.201 -3.95716 -1.8903 -24.9544 23.9578 -61.9387 -7.1643 3.6612 9.6329 3.36903 25.3957 3.14187 12.8394 0.850955 6.21484 -4.35325 -8.9023 16.5695 -1.60594 -7.17087 25.4083 -5.1323 2.53679 1.77635 22.0842 -5.73018 3.14187 36.3486 13.5778 5.26129 5.57426 -29.3243 -32.4439 -35.0881 10.6492 -25.307 29.8092 -30.994 5.24134 -3.03899 14.8746 -0.426749 12.8394 13.5778 38.1403 -5.97381 -0.660958 -23.1131 -41.6583 13.2464 -9.96599 -10.5213 75.5252 -2.37638 -6.06567 0.449923 -27.468 6.71886 0.850955 5.26129 -5.97381 33.8081 2.86061 21.2525 47.9206 -81.9223 22.0403 26.1891 -64.2233 -20.2219 37.6339 1.04042 32.5189 12.2801 6.21484 5.57426 -0.660958 2.86061 52.1732 -10.6058 -79.9109 11.3636 -7.43935 -5.27369 12.5401 -10.5816 7.0845 -1.23924 -66.8762 46.3127 -4.35325 -29.3243 -23.1131 21.2525 -10.6058 400.505 163.727 -74.0208 49.1873 -38.1698 19.284 -97.2687 26.1359 1.57093 -156.534 15.201 -8.9023 -32.4439 -41.6583 47.9206 -79.9109 163.727 909.48 -192.654 145.329 27.387 -253.765 -141.083 -22.6838 31.9092 163.941 -3.95716 16.5695 -35.0881 13.2464 -81.9223 11.3636 -74.0208 -192.654 558.59 -160.677 0.535259 44.2885 111.406 -136.979 2.53802 -5.96768 -1.8903 -1.60594 10.6492 -9.96599 22.0403 -7.43935 49.1873 145.329 -160.677 239.029 -64.3775 36.3939 -176.353 5.54142 -10.213 -76.5845 -24.9544 -7.17087 -25.307 -10.5213 26.1891 -5.27369 -38.1698 27.387 0.535259 -64.3775 274.94 -243.892 165.277 50.1984 7.52004 93.2108 23.9578 25.4083 29.8092 75.5252 -64.2233 12.5401 19.284 -253.765 44.2885 36.3939 -243.892 1164.28 -254.777 -152.111 -8.05001 -101.785 -61.9387 -5.1323 -30.994 -2.37638 -20.2219 -10.5816 -97.2687 -141.083 111.406 -176.353 165.277 -254.777 442.995 81.4235 18.411 -94.7357 -7.1643 2.53679 5.24134 -6.06567 37.6339 7.0845 26.1359 -22.6838 -136.979 5.54142 50.1984 -152.111 81.4235 150.832 6.92414 -9.28357 3.6612 1.77635 -3.03899 0.449923 1.04042 -1.23924 1.57093 31.9092 2.53802 -10.213 7.52004 -8.05001 18.411 6.92414 13.5132
273.224 16.8135 -11.9155 25.9622 8.78221 -22.3771 46.236 -83.6774 -27.8104 98.6261 -63.5852 -26.466 306.665 35.3749 -39.4346 -4.83274 16.8135 46.2993 5.69529 8.41157 -3.71528 -22.7016 -12.4074 -48.5057 -59.3556 64.8026 -69.038 -28.6977 80.629 3.36191 -23.9014 -10.9892 -11.9155 5.69529 21.0562 -6.61217 2.51879 -5.75325 2.31382 -10.6506 -12.4769 7.8131 -10.4247 -0.720818 39.8475 -8.92316 -2.91976 -5.32206 25.9622 8.41157 -6.61217 46.745 -2.18237 -31.0486 -0.749112 11.3109 -64.0489 63.7145 -83.7562 -34.5707 30.4696 -4.16552 -20.2114 1.4558 8.78221 -3.71528 2.51879 -2.18237 36.0461 0.72925 -9.69687 4.22664 17.3463 -17.3277 12.7123 13.8866 38.1401 -6.41294 -4.55622 -11.0283 -22.3771 -22.7016 -5.75325 -31.0486 0.72925 64.9436 14.8614 61.8735 86.2007 -108.737 138.228 48.193 -117.593 -10.3618 44.7577 13.2161 46.236 -12.4074 2.31382 -0.749112 -9.69687 14.8614 136.467 6.44367 -17.9796 -54.9261 17.4895 47.7112 94.464 11.2082 22.2762 37.1228 -83.6774 -48.5057 -10.6506 11.3109 4.22664 61.8735 6.44367 482.086 50.5462 -78.26 114.114 -3.60078 -356.495 -80.1315 40.4966 18.7492 -27.8104 -59.3556 -12.4769 -64.0489 17.3463 86.2007 -17.9796 50.5462 931.633 -181.794 305.667 221.517 46.7236 124.672 89.9749 20.6492 98.6261 64.8026 7.8131 63.7145 -17.3277 -108.737 -54.9261 -78.26 -181.794 423.473 -347.827 -120.158 80.2036 23.1681 -121.065 -45.4366 -63.5852 -69.038 -10.4247 -83.7562 12.7123 138.228 17.4895 114.114 305.667 -347.827 589.166 93.2864 -186.247 -10.7456 155.404 48.6751 -26.466 -28.6977 -0.720818 -34.5707 13.8866 48.193 47.7112 -3.60078 221.517 -120.158 93.2864 254.628 62.762 6.416 38.2428 19.3838 306.665 80.629 39.8475 30.4696 38.1401 -117.593 94.464 -356.495 46.7236 80.2036 -186.247 62.762 1682.06 19.4634 -67.6788 -11.6016 35.3749 3.36191 -8.92316 -4.16552 -6.41294 -10.3618 11.2082 -80.1315 124.672 23.1681 -10.7456 6.416 19.4634 190.215 -7.10087 0.770346 -39.4346 -23.9014 -2.91976 -20.2114 -4.55622 44.7577 22.2762 40.4966 89.9749 -121.065 155.404 38.2428 -67.6788 -7.10087 97.3359 31.3857 -4.83274 -10.9892 -5.32206 1.4558 -11.0283 13.2161 37.1228 18.7492 20.6492 -45.4366 48.6751 19.3838 -11.6016 0.770346 31.3857 37.244
175.113 2.26397 -20.7441 -4.29864 -3.93761 -12.4451 -0.614854 -5.94585 -29.918 80.4417 -37.315 0.0384564 -19.0067 62.8091 -12.3153 -1.46039 2.26397 40.2112 2.30007 -19.1782 -15.9891 -8.94133 3.78148 -49.493 -35.4238 -4.90733 -13.3515 20.7728 -14.7989 23.2622 -4.82752 -9.27833 -20.7441 2.30007 31.9913 4.94639 -2.81749 9.41652 3.90414 -23.4686 10.6065 -14.9945 11.4192 0.207053 81.327 2.55508 -5.71891 3.47327 -4.29864 -19.1782 4.94639 41.921 15.4282 15.5031 -1.04696 48.2837 5.6657 -9.86885 -1.06047 -19.4571 -20.4889 2.6901 7.7459 0.101771 -3.93761 -15.9891 -2.81749 15.4282 40.6646 11.6786 -12.7466 48.3883 20.5972 16.0474 11.1095 9.13626 17.2549 -1.90602 12.7637 -0.948766 -12.4451 -8.94133 9.41652 15.5031 11.6786 51.7722 -6.67589 82.8684 51.7165 12.7701 -9.08701 -9.71244 48.6838 5.47819 13.7169 5.33039 -0.614854 3.78148 3.90414 -1.04696 -12.7466 -6.67589 47.4975 -0.166816 -10.6618 6.23367 -14.5343 -51.6783 -9.95161 20.0862 -0.55857 8.54173 -5.94585 -49.493 -23.4686 48.2837 48.3883 82.8684 -0.166816 812.52 180.389 -49.8963 -108.849 -124.891 231.128 -216.427 67.0177 55.8645 -29.918 -35.4238 10.6065 5.6657 20.5972 51.7165 -10.6618 180.389 382.21 3.71393 23.4967 10.2869 251.166 -112.166 -4.66671 38.4189 80.4417 -4.90733 -14.9945 -9.86885 16.0474 12.7701 6.23367 -49.8963 3.71393 299.541 26.605 -12.3251 -73.8748 175.135 -6.22269 -8.63528 -37.315 -13.3515 11.4192 -1.06047 11.1095 -9.08701 -14.5343 -108.849 23.4967 26.605 326.525 60.1664 -75.4706 32.0913 0.996919 -10.3399 0.0384564 20.7728 0.207053 -19.4571 9.13626 -9.71244 -51.6783 -124.891 10.2869 -12.3251 60.1664 257.669 193.855 -60.2223 -19.5986 -10.7017 -19.0067 -14.7989 81.327 -20.4889 17.2549 48.6838 -9.95161 231.128 251.166 -73.8748 -75.4706 193.855 1826.21 -430.672 -5.69471 132.896 62.8091 23.2622 2.55508 2.6901 -1.90602 5.47819 20.0862 -216.427 -112.166 175.135 32.0913 -60.2223 -430.672 434.465 -11.4001 -46.3138 -12.3153 -4.82752 -5.71891 7.7459 12.7637 13.7169 -0.55857 67.0177 -4.66671 -6.22269 0.996919 -19.5986 -5.69471 -11.4001 56.5244 5.73682 -1.46039 -9.27833 3.47327 0.101771 -0.948766 5.33039 8.54173 55.8645 38.4189 -8.63528 -10.3399 -10.7017 132.896 -46.3138 5.73682 27.8029
575.795 47.5303 16.1118 22.4012 48.6335 30.0791 -11.147 -175.179 -128.488 89.1944 286.85 98.4965 66.7437 98.9649 -40.1428 -16.6471 47.5303 42.3902 6.09635 5.97914 16.8152 10.709 11.0424 -41.4205 -43.907 51.3275 17.2775 30.8357 32.7669 60.8682 -20.1116 8.61773 16.1118 6.09635 33.6882 10.118 5.39022 3.35422 -1.32132 35.7459 50.0938 -24.2933 -24.8332 57.7594 6.58024 5.75774 -5.56233 0.450386 22.4012 5.97914 10.118 36.9644 -2.84478 -2.6346 2.91539 18.6771 32.9666 -12.3879 -52.4166 18.1789 3.04679 -27.2762 -14.2272 7.38891 48.6335 16.8152 5.39022 -2.84478 40.1015 11.0966 3.28896 -15.0641 12.8652 23.7779 42.0771 33.8483 46.4857 66.0517 -13.0018 0.751907 30.0791 10.709 3.35422 -2.6346 11.0966 23.5625 -6.17243 -7.88754 17.7286 24.4589 1.97946 13.8015 28.4395 55.2505 -11.3057 9.48691 -11.147 11.0424 -1.32132 2.91539 3.28896 -6.17243 53.4321 -39.6505 -6.29207 53.7285 65.7616 3.14313 26.6776 4.8292 -5.57139 -11.2606 -175.179 -41.4205 35.7459 18.6771 -15.0641 -7.88754 -39.6505 592.41 375.032 -216.046 -320.361 89.4379 -176.681 -136.191 7.7534 5.62778 -128.488 -43.907 50.0938 32.9666 12.8652 17.7286 -6.29207 375.032 1181.79 -72.6727 -268.054 148.201 32.7112 -0.14084 -33.6393 -51.9772 89.1944 51.3275 -24.2933 -12.3879 23.7779 24.4589 53.7285 -216.046 -72.6727 443.601 228.489 -29.7939 133.662 157.57 -56.0624 4.24532 286.85 17.2775 -24.8332 -52.4166 42.0771 1.97946 65.7616 -320.361 -268.054 228.489 738.165 -24.5634 -78.8478 175.477 -27.9958 -70.5089 98.4965 30.8357 57.7594 18.1789 33.8483 13.8015 3.14313 89.4379 148.201 -29.7939 -24.5634 240.785 70.3192 81.6527 -21.2109 -6.18459 66.7437 32.7669 6.58024 3.04679 46.4857 28.4395 26.6776 -176.681 32.7112 133.662 -78.8478 70.3192 1189.74 102.095 22.5293 16.6561 98.9649 60.8682 5.75774 -27.2762 66.0517 55.2505 4.8292 -136.191 -0.14084 157.57 175.477 81.6527 102.095 471.017 -40.141 -1.22741 -40.1428 -20.1116 -5.56233 -14.2272 -13.0018 -11.3057 -5.57139 7.7534 -33.6393 -56.0624 -27.9958 -21.2109 22.5293 -40.141 61.6698 -6.03392 -16.6471 8.61773 0.450386 7.38891 0.751907 9.48691 -11.2606 5.62778 -51.9772 4.24532 -70.5089 -6.18459 16.6561 -1.22741 -6.03392 46.8327
450.294 -97.2525 34.0356 -37.7634 -47.6066 -33.1399 -5.12729 -182.282 -47.1364 -107.962 -3.89477 48.0557 -3.08131 50.2009 137.113 19.057 -97.2525 82.1678 0.501677 27.0983 30.7954 14.141 2.28037 24.8069 33.8585 68.0483 62.7024 32.3606 71.579 7.54909 -71.2146 -12.9731 34.0356 0.501677 31.4785 11.2134 -7.48598 5.79306 7.11195 -12.7296 83.7767 7.15521 -18.7709 56.4471 -5.34516 11.779 -5.24939 4.68922 -37.7634 27.0983 11.2134 42.4077 6.79336 9.17802 7.13161 9.982 84.4759 34.319 -1.0847 72.381 -0.448122 -16.6336 -32.482 -5.72042 -47.6066 30.7954 -7.48598 6.79336 64.4313 18.9598 3.50123 10.9895 -52.9534 23.0068 27.985 -39.3911 93.3182 0.584387 -16.8346 -20.7674 -33.1399 14.141 5.79306 9.17802 18.9598 31.3288 4.07792 6.31198 25.6558 31.4029 -18.3572 -15.3317 -6.03847 -6.04552 -23.6679 2.5198 -5.12729 2.28037 7.11195 7.13161 3.50123 4.07792 40.3158 42.9399 32.9618 9.36582 -22.4973 5.20391 -8.35749 -16.9094 6.02604 -2.24805 -182.282 24.8069 -12.7296 9.982 10.9895 6.31198 42.9399 590.845 -110.276 20.8974 -238.979 -199.75 85.5807 -110.534 19.4029 -2.55695 -47.1364 33.8585 83.7767 84.4759 -52.9534 25.6558 32.9618 -110.276 1125.68 183.918 -93.3708 413.679 -281.033 23.1729 -219.388 45.8784 -107.962 68.0483 7.15521 34.319 23.0068 31.4029 9.36582 20.8974 183.918 297.544 46.9933 74.91 -26.4926 -128.241 -122.718 -3.58173 -3.89477 62.7024 -18.7709 -1.0847 27.985 -18.3572 -22.4973 -238.979 -93.3708 46.9933 436.781 53.2375 -11.1379 39.7901 -70.9169 -15.168 48.0557 32.3606 56.4471 72.381 -39.3911 -15.3317 5.20391 -199.75 413.679 74.91 53.2375 525.812 -68.6781 -20.935 -106.784 -9.75302 -3.08131 71.579 -5.34516 -0.448122 93.3182 -6.03847 -8.35749 85.5807 -281.033 -26.4926 -11.1379 -68.6781 1143.95 235.975 17.241 -99.3777 50.2009 7.54909 11.779 -16.6336 0.584387 -6.04552 -16.9094 -110.534 23.1729 -128.241 39.7901 -20.935 235.975 404.455 18.4053 -7.13798 137.113 -71.2146 -5.24939 -32.482 -16.8346 -23.6679 6.02604 19.4029 -219.388 -122.718 -70.9169 -106.784 17.241 18.4053 172.621 -2.1253 19.057 -12.9731 4.68922 -5.72042 -20.7674 2.5198 -2.24805 -2.55695 45.8784 -3.58173 -15.168 -9.75302 -99.3777 -7.13798 -2.1253 35.7465
