7.85229 0.425178 -4.07915 2.10934 0.75701 6.06865 -2.45632 -1.44811 -0.145463 0.354421 0.351346 0.139109 0.0359146 0.411157 3.21796 -11.3973 0.425178 6.39166 2.08566 -2.62729 -0.443684 -2.21803 -5.66293 -1.52749 -0.175867 -0.0779423 -0.302274 -0.728204 -0.258713 -0.0608035 1.41689 1.42757 -4.07915 2.08566 12.9532 -2.75139 -1.28062 -13.0903 -1.48549 0.250566 -0.0471901 0.504117 -0.846811 -0.0871672 -0.893835 -0.522823 -4.52121 8.94996 2.10934 -2.62729 -2.75139 4.48907 0.0382448 4.11631 1.30405 0.0298654 -0.0877097 0.26305 0.400634 0.580277 0.0199513 -0.108965 1.64813 -5.09608 0.75701 -0.443684 -1.28062 0.0382448 3.18061 0.4561 0.368691 -0.356706 0.326468 -0.8875 -0.0300166 0.106012 0.0622522 -0.110271 -1.86433 -1.09318 6.06865 -2.21803 -13.0903 4.11631 0.4561 50.8505 2.63834 -3.30839 1.41102 -2.43113 0.0759664 -0.0187718 1.06889 0.234942 5.17367 -46.7214 -2.45632 -5.66293 -1.48549 1.30405 0.368691 2.63834 8.7489 0.0579642 -0.0274026 -0.152175 0.357219 -0.407359 0.602081 0.107209 -3.24269 1.69724 -1.44811 -1.52749 0.250566 0.0298654 -0.356706 -3.30839 0.0579642 6.23624 0.120154 -0.328945 0.160373 0.471433 -0.379396 0.105054 -2.63465 3.01857 -0.145463 -0.175867 -0.0471901 -0.0877097 0.326468 1.41102 -0.0274026 0.120154 1.70915 -0.99254 -0.134991 0.199994 0.131664 -0.0583231 -0.801065 -1.09056 0.354421 -0.0779423 0.504117 0.26305 -0.8875 -2.43113 -0.152175 -0.328945 -0.99254 6.20278 -0.0689447 -0.0970515 -0.197333 -0.410539 0.632497 2.19636 0.351346 -0.302274 -0.846811 0.400634 -0.0300166 0.0759664 0.357219 0.160373 -0.134991 -0.0689447 0.836997 0.03736 -0.220616 -0.219358 -0.540234 0.68084 0.139109 -0.728204 -0.0871672 0.580277 0.106012 -0.0187718 -0.407359 0.471433 0.199994 -0.0970515 0.03736 2.07488 -0.0320889 0.117835 0.923812 -2.33778 0.0359146 -0.258713 -0.893835 0.0199513 0.0622522 1.06889 0.602081 -0.379396 0.131664 -0.197333 -0.220616 -0.0320889 0.625381 0.0363366 -0.234188 0.114472 0.411157 -0.0608035 -0.522823 -0.108965 -0.110271 0.234942 0.107209 0.105054 -0.0583231 -0.410539 -0.219358 0.117835 0.0363366 0.957229 0.288262 -0.565573 3.21796 1.41689 -4.52121 1.64813 -1.86433 5.17367 -3.24269 -2.63465 -0.801065 0.632497 -0.540234 0.923812 -0.234188 0.288262 22.2876 -19.859 -11.3973 1.42757 8.94996 -5.09608 -1.09318 -46.7214 1.69724 3.01857 -1.09056 2.19636 0.68084 -2.33778 0.114472 -0.565573 -19.859 66.8685
4.78889 0.0986431 -3.51124 0.377567 1.20788 4.15039 -0.892075 -1.93498 -0.36499 -0.267006 0.51226 -0.376456 0.1264 -0.00175908 2.69604 -7.09955 0.0986431 7.82218 2.61565 -3.62679 -0.0895778 -3.26002 -6.46454 -2.9456 -0.115054 0.407567 -0.209109 -0.727273 0.0352951 -0.582252 0.042312 4.54208 -3.51124 2.61565 12.6097 -2.91005 -1.79844 -10.8519 -1.80112 0.547911 0.103833 0.957842 -1.18902 -0.341979 -0.369376 -0.460975 -6.08235 8.862 0.377567 -3.62679 -2.91005 4.36329 -0.0412727 3.18022 2.75419 0.606086 -0.274994 -0.179192 0.238768 0.136767 0.0276383 0.174092 1.5903 -2.89107 1.20788 -0.0895778 -1.79844 -0.0412727 3.31002 0.288387 -0.707931 -1.03458 -0.304214 -0.721015 0.0979458 0.32963 0.175701 -0.485005 1.15564 -2.98853 4.15039 -3.26002 -10.8519 3.18022 0.288387 45.3384 3.24204 -3.64344 1.0986 -0.837352 0.378039 -0.0214878 0.432566 0.200947 5.20979 -42.0438 -0.892075 -6.46454 -1.80112 2.75419 -0.707931 3.24204 8.33768 1.7787 -0.00690005 -0.763588 0.199603 -0.630918 -0.0154818 0.700337 -1.06809 -2.0272 -1.93498 -2.9456 0.547911 0.606086 -1.03458 -3.64344 1.7787 7.4065 0.183573 0.572799 -0.277184 0.477555 -0.269845 0.17948 -4.79239 5.18632 -0.36499 -0.115054 0.103833 -0.274994 -0.304214 1.0986 -0.00690005 0.183573 1.49354 -0.195335 -0.112853 0.0841791 -0.0101522 -0.0506447 -0.809479 -0.157514 -0.267006 0.407567 0.957842 -0.179192 -0.721015 -0.837352 -0.763588 0.572799 -0.195335 4.54032 -0.319033 -0.0137853 0.0826862 -0.274859 -0.812133 1.2744 0.51226 -0.209109 -1.18902 0.238768 0.0979458 0.378039 0.199603 -0.277184 -0.112853 -0.319033 0.890158 0.162374 -0.26071 -0.0562103 0.583885 -0.402158 -0.376456 -0.727273 -0.341979 0.136767 0.32963 -0.0214878 -0.630918 0.477555 0.0841791 -0.0137853 0.162374 2.19728 -0.0624912 0.234274 0.968892 -1.88318 0.1264 0.0352951 -0.369376 0.0276383 0.175701 0.432566 -0.0154818 -0.269845 -0.0101522 0.0826862 -0.26071 -0.0624912 0.519231 -0.00188734 0.0454577 -0.0930857 -0.00175908 -0.582252 -0.460975 0.174092 -0.485005 0.200947 0.700337 0.17948 -0.0506447 -0.274859 -0.0562103 0.234274 -0.00188734 0.813186 0.526866 -0.314757 2.69604 0.042312 -6.08235 1.5903 1.15564 5.20979 -1.06809 -4.79239 -0.809479 -0.812133 0.583885 0.968892 0.0454577 0.526866 25.9103 -24.3014 -7.09955 4.54208 8.862 -2.89107 -2.98853 -42.0438 -2.0272 5.18632 -0.157514 1.2744 -0.402158 -1.88318 -0.0930857 -0.314757 -24.3014 64.5081
4.08914 -0.80792 -1.77157 0.560395 0.944112 2.66693 -0.620401 -0.522402 -0.099091 0.632868 0.175968 0.0803372 -0.14754 0.105553 0.178004 -5.31785 -0.80792 4.9857 0.555709 -1.53607 -0.257025 -0.506701 -2.9518 -1.28687 0.318669 -0.0479211 0.0470052 -0.844722 0.242094 -0.223508 0.361422 2.39911 -1.77157 0.555709 10.0536 -1.40489 -0.900594 -9.61302 -0.116101 0.180732 0.402446 0.302112 -1.55813 -0.65643 -0.238303 -0.0465328 -1.99007 4.25667 0.560395 -1.53607 -1.40489 2.97848 0.096184 1.43158 0.58381 0.19213 -0.425983 0.765561 0.138102 0.329868 -0.0582416 -0.0347103 0.20448 -1.07024 0.944112 -0.257025 -0.900594 0.096184 2.86351 -0.187437 -0.583906 -0.682098 0.340211 0.046392 -0.138377 0.480598 0.100858 -0.0623133 -1.03386 -1.14527 2.66693 -0.506701 -9.61302 1.43158 -0.187437 41.9751 1.19699 0.252353 -0.667793 -3.35736 1.21249 -1.14426 0.311287 0.18209 1.25041 -35.5196 -0.620401 -2.9518 -0.116101 0.58381 -0.583906 1.19699 4.96954 0.34269 -0.673281 -0.848078 0.0569178 -1.06629 0.226836 0.155115 -1.42451 0.648342 -0.522402 -1.28687 0.180732 0.19213 -0.682098 0.252353 0.34269 5.14144 -0.122414 0.271299 -0.223682 0.09281 -0.239911 0.0375554 -1.16532 -1.23696 -0.099091 0.318669 0.402446 -0.425983 0.340211 -0.667793 -0.673281 -0.122414 1.93467 -0.354283 -0.33884 0.226323 -0.0363295 0.109241 0.019525 0.179231 0.632868 -0.0479211 0.302112 0.765561 0.046392 -3.35736 -0.848078 0.271299 -0.354283 5.61804 -0.393742 0.356552 -0.151821 -0.278373 -1.18288 3.31483 0.175968 0.0470052 -1.55813 0.138102 -0.138377 1.21249 0.0569178 -0.223682 -0.33884 -0.393742 0.971432 0.103003 -0.200124 -0.19135 -0.0853573 0.286584 0.0803372 -0.844722 -0.65643 0.329868 0.480598 -1.14426 -1.06629 0.09281 0.226323 0.356552 0.103003 2.5322 -0.202002 0.0567113 1.02447 -0.934286 -0.14754 0.242094 -0.238303 -0.0582416 0.100858 0.311287 0.226836 -0.239911 -0.0363295 -0.151821 -0.200124 -0.202002 0.493686 0.0425699 -0.0941684 0.256738 0.105553 -0.223508 -0.0465328 -0.0347103 -0.0623133 0.18209 0.155115 0.0375554 0.109241 -0.278373 -0.19135 0.0567113 0.0425699 0.712059 0.374479 -0.756542 0.178004 0.361422 -1.99007 0.20448 -1.03386 1.25041 -1.42451 -1.16532 0.019525 -1.18288 -0.0853573 1.02447 -0.0941684 0.374479 20.2679 -17.7493 -5.31785 2.39911 4.25667 -1.07024 -1.14527 -35.5196 0.648342 -1.23696 0.179231 3.31483 0.286584 -0.934286 0.256738 -0.756542 -17.7493 56.0103
4.70934 -0.125961 -2.88978 0.498778 0.679157 4.8408 -0.820843 -0.66689 0.224286 0.565956 -0.120716 -0.343182 0.0540873 0.108057 0.0643636 -6.19212 -0.125961 5.89653 1.7982 -2.13339 -0.0227515 -3.56467 -5.0179 -1.04396 -0.181364 0.439842 0.00643535 -1.0136 0.086347 -0.408083 -0.59359 4.86493 -2.88978 1.7982 9.43001 -2.00292 -0.926642 -7.5847 -1.02807 -0.40049 -0.108417 -0.560406 -0.660976 0.0538618 0.148114 -0.280611 -3.97364 5.84634 0.498778 -2.13339 -2.00292 3.75537 -0.34583 3.61587 1.46606 -0.116729 0.172499 0.141313 0.0186179 -0.10614 -0.119686 0.0748629 1.7466 -3.29803 0.679157 -0.0227515 -0.926642 -0.34583 2.60586 0.166768 -0.186405 -0.505513 -0.0561735 -0.409806 -0.196458 0.227815 0.0963555 -0.250163 -1.18848 -0.853806 4.8408 -3.56467 -7.5847 3.61587 0.166768 52.1559 0.474118 -2.80693 2.19985 0.241771 -1.59315 1.69406 0.232357 0.420017 6.02183 -53.8433 -0.820843 -5.0179 -1.02807 1.46606 -0.186405 0.474118 6.93115 -0.0277098 -0.198321 -1.00843 0.131465 0.0387383 0.216283 0.454179 -1.28716 0.917104 -0.66689 -1.04396 -0.40049 -0.116729 -0.505513 -2.80693 -0.0277098 5.68506 -0.246117 0.194211 0.266629 -0.0230099 -0.318185 -0.108422 -0.295647 1.38416 0.224286 -0.181364 -0.108417 0.172499 -0.0561735 2.19985 -0.198321 -0.246117 1.61535 -0.226688 -0.182264 0.211291 -0.05502 -0.0298342 -0.0851277 -2.09483 0.565956 0.439842 -0.560406 0.141313 -0.409806 0.241771 -1.00843 0.194211 -0.226688 4.4813 0.134239 -0.276045 -0.265396 0.0372936 0.892721 -0.827174 -0.120716 0.00643535 -0.660976 0.0186179 -0.196458 -1.59315 0.131465 0.266629 -0.182264 0.134239 0.92278 -0.062829 -0.317728 -0.179565 -0.17784 2.39258 -0.343182 -1.0136 0.0538618 -0.10614 0.227815 1.69406 0.0387383 -0.0230099 0.211291 -0.276045 -0.062829 2.02989 -0.0465813 0.162296 0.737577 -3.51731 0.0540873 0.086347 0.148114 -0.119686 0.0963555 0.232357 0.216283 -0.318185 -0.05502 -0.265396 -0.317728 -0.0465813 0.538916 0.0381069 -0.899915 0.572942 0.108057 -0.408083 -0.280611 0.0748629 -0.250163 0.420017 0.454179 -0.108422 -0.0298342 0.0372936 -0.179565 0.162296 0.0381069 0.704814 0.746801 -1.00619 0.0643636 -0.59359 -3.97364 1.7466 -1.18848 6.02183 -1.28716 -0.295647 -0.0851277 0.892721 -0.17784 0.737577 -0.899915 0.746801 22.2438 -22.1491 -6.19212 4.86493 5.84634 -3.29803 -0.853806 -53.8433 0.917104 1.38416 -2.09483 -0.827174 2.39258 -3.51731 0.572942 -1.00619 -22.1491 76.7176
4.06721 -0.642341 -3.24571 1.41992 1.13226 4.28575 0.28701 -1.38313 -0.558779 -0.182959 0.303468 -0.939075 0.0815527 0.177751 0.826718 -5.2641 -0.642341 5.84056 1.46196 -1.74218 -0.530878 -1.13078 -4.31395 -1.4377 -0.206292 0.436681 -0.14743 -0.711719 -0.0722628 -0.0411101 -0.54536 3.90749 -3.24571 1.46196 11.5458 -2.8429 -2.7802 -12.9307 -1.39844 1.46567 0.378791 1.6231 -1.18129 0.701605 -0.3687 0.00642735 -3.17247 8.89225 1.41992 -1.74218 -2.8429 4.9402 0.431392 5.58308 1.12138 -1.29561 -0.156007 0.0243218 0.278804 -0.370901 -0.00162578 -0.119557 1.90208 -5.23338 1.13226 -0.530878 -2.7802 0.431392 2.9293 3.02459 0.574027 -0.85691 -0.000367805 -0.853035 0.0459422 -0.182593 0.181281 -0.193332 -0.557739 -2.78802 4.28575 -1.13078 -12.9307 5.58308 3.02459 51.2015 -1.9298 -2.87762 0.109858 -0.514054 0.31836 1.56733 0.141743 -0.580155 1.51779 -44.5848 0.28701 -4.31395 -1.39844 1.12138 0.574027 -1.9298 5.75459 0.37958 -0.169096 -1.2328 0.437133 -0.928892 0.215852 0.0835886 -0.285719 1.16064 -1.38313 -1.4377 1.46567 -1.29561 -0.85691 -2.87762 0.37958 5.36023 0.526615 -0.195241 -0.211446 0.493915 -0.159288 -0.00824557 -2.29053 1.99602 -0.558779 -0.206292 0.378791 -0.156007 -0.000367805 0.109858 -0.169096 0.526615 1.73374 -0.117992 -0.266057 0.543075 0.0334349 -0.19223 -0.992307 0.438335 -0.182959 0.436681 1.6231 0.0243218 -0.853035 -0.514054 -1.2328 -0.195241 -0.117992 4.64264 -0.524078 0.300129 -0.0689758 -0.115586 -0.045083 0.207888 0.303468 -0.14743 -1.18129 0.278804 0.0459422 0.31836 0.437133 -0.211446 -0.266057 -0.524078 0.812569 -0.172143 -0.241005 -0.0420151 0.716625 -0.135574 -0.939075 -0.711719 0.701605 -0.370901 -0.182593 1.56733 -0.928892 0.493915 0.543075 0.300129 -0.172143 3.01523 -0.0449684 -0.0163301 1.1092 -4.17432 0.0815527 -0.0722628 -0.3687 -0.00162578 0.181281 0.141743 0.215852 -0.159288 0.0334349 -0.0689758 -0.241005 -0.0449684 0.509495 -0.00529693 -0.595006 0.572057 0.177751 -0.0411101 0.00642735 -0.119557 -0.193332 -0.580155 0.0835886 -0.00824557 -0.19223 -0.115586 -0.0420151 -0.0163301 -0.00529693 0.610057 0.23 0.281897 0.826718 -0.54536 -3.17247 1.90208 -0.557739 1.51779 -0.285719 -2.29053 -0.992307 -0.045083 0.716625 1.1092 -0.595006 0.23 21.789 -18.8262 -5.2641 3.90749 8.89225 -5.23338 -2.78802 -44.5848 1.16064 1.99602 0.438335 0.207888 -0.135574 -4.17432 0.572057 0.281897 -18.8262 62.4331
4.33948 -0.614739 -2.93325 0.30276 0.799333 3.68236 -0.169169 -1.14607 0.138563 -0.0489671 0.389502 -0.575901 0.17284 0.0178665 -0.036106 -4.32354 -0.614739 5.93101 1.5048 -2.01079 -0.50293 -0.0233582 -4.31547 -1.32681 -0.708474 -0.0137625 -0.371981 -0.740615 0.163504 -0.126543 0.568148 1.01335 -2.93325 1.5048 9.33277 -1.46569 -1.09278 -4.11191 -1.10535 -0.408756 -0.866301 0.800633 -1.40229 0.394282 -0.13042 -0.0181863 -2.02708 0.437064 0.30276 -2.01079 -1.46569 3.46553 -0.29662 1.15496 1.2304 -0.0636109 -0.141664 0.461796 0.286706 -0.194928 -0.167191 0.0145026 1.26347 -0.917155 0.799333 -0.50293 -1.09278 -0.29662 2.93447 -0.63778 -0.06114 -0.084484 -0.0170283 -0.402891 -0.118852 0.554842 0.264599 -0.227281 -2.30144 0.333579 3.68236 -0.0233582 -4.11191 1.15496 -0.63778 43.6366 -1.62671 -2.35405 0.0479126 0.467086 -0.976098 0.51804 0.438861 -0.0660085 6.65334 -47.4687 -0.169169 -4.31547 -1.10535 1.2304 -0.06114 -1.62671 5.73436 0.459492 0.571421 -1.03915 0.702285 -0.488189 -0.185897 0.218266 -0.982894 2.48078 -1.14607 -1.32681 -0.408756 -0.0636109 -0.084484 -2.35405 0.459492 5.89973 0.514435 0.169078 0.220403 0.842131 -0.216013 -0.231618 -2.91397 2.68259 0.138563 -0.708474 -0.866301 -0.141664 -0.0170283 0.0479126 0.571421 0.514435 1.76857 -0.880981 0.159855 0.313553 -0.0210766 -0.0620947 -0.437765 0.668062 -0.0489671 -0.0137625 0.800633 0.461796 -0.402891 0.467086 -1.03915 0.169078 -0.880981 5.08818 -0.427256 -0.0468286 0.0272326 -0.0768238 0.184025 -1.10449 0.389502 -0.371981 -1.40229 0.286706 -0.118852 -0.976098 0.702285 0.220403 0.159855 -0.427256 1.01939 -0.231971 -0.29165 -0.0901084 -0.446449 2.30621 -0.575901 -0.740615 0.394282 -0.194928 0.554842 0.51804 -0.488189 0.842131 0.313553 -0.0468286 -0.231971 2.69194 0.0749096 0.0274539 0.440552 -3.17387 0.17284 0.163504 -0.13042 -0.167191 0.264599 0.438861 -0.185897 -0.216013 -0.0210766 0.0272326 -0.29165 0.0749096 0.509785 -0.0881492 -0.702777 0.0890158 0.0178665 -0.126543 -0.0181863 0.0145026 -0.227281 -0.0660085 0.218266 -0.231618 -0.0620947 -0.0768238 -0.0901084 0.0274539 -0.0881492 0.680953 0.82154 -0.560088 -0.036106 0.568148 -2.02708 1.26347 -2.30144 6.65334 -0.982894 -2.91397 -0.437765 0.184025 -0.446449 0.440552 -0.702777 0.82154 25.7133 -25.2596 -4.32354 1.01335 0.437064 -0.917155 0.333579 -47.4687 2.48078 2.68259 0.668062 -1.10449 2.30621 -3.17387 0.0890158 -0.560088 -25.2596 75.2938
6.81699 -0.181323 -4.42547 1.23961 0.721187 6.07766 -1.36549 -1.73807 -0.622809 0.326883 0.384663 -0.274887 0.189768 0.128122 0.909858 -8.0691 -0.181323 7.32813 2.64719 -2.89142 -0.888578 -1.51339 -5.9615 -1.92836 -0.496077 0.140894 -0.563026 -1.35734 -0.219862 -0.177334 -0.705956 3.88584 -4.42547 2.64719 11.1295 -2.85875 -1.48005 -10.7892 -1.22672 0.704349 0.0728908 0.138865 -0.836221 -0.300523 -0.479273 -0.129334 -2.02285 6.96728 1.23961 -2.89142 -2.85875 3.80946 -0.0775749 2.98257 1.81629 -0.204893 0.0417463 0.289959 0.410481 0.12516 -0.0736003 0.146854 1.02139 -2.37791 0.721187 -0.888578 -1.48005 -0.0775749 2.81777 -0.805632 0.426791 -0.235615 0.147455 -0.441428 0.341535 0.230151 0.166804 -0.47537 -0.617465 -0.569183 6.07766 -1.51339 -10.7892 2.98257 -0.805632 54.9262 1.15708 -4.65961 -0.328387 -0.438477 -0.784754 -0.428199 0.329016 0.0171924 2.08218 -49.011 -1.36549 -5.9615 -1.22672 1.81629 0.426791 1.15708 8.05363 0.937981 0.613621 -1.10156 0.50266 0.259206 0.371479 0.154979 -0.709114 -1.24354 -1.73807 -1.92836 0.704349 -0.204893 -0.235615 -4.65961 0.937981 5.90452 0.409528 -0.0625397 -0.101469 0.786282 -0.117375 0.132967 -0.269283 2.18182 -0.622809 -0.496077 0.0728908 0.0417463 0.147455 -0.328387 0.613621 0.409528 1.24828 -0.588246 -0.0464784 0.0294804 -0.094864 -0.00900968 0.109778 0.254433 0.326883 0.140894 0.138865 0.289959 -0.441428 -0.438477 -1.10156 -0.0625397 -0.588246 4.99995 -0.208069 -0.142433 0.149369 -0.491097 -1.31234 2.09701 0.384663 -0.563026 -0.836221 0.410481 0.341535 -0.784754 0.50266 -0.101469 -0.0464784 -0.208069 0.811372 0.156395 -0.166742 -0.123323 -0.568545 1.3132 -0.274887 -1.35734 -0.300523 0.12516 0.230151 -0.428199 0.259206 0.786282 0.0294804 -0.142433 0.156395 2.56437 0.0583285 0.316888 -0.466187 -0.707746 0.189768 -0.219862 -0.479273 -0.0736003 0.166804 0.329016 0.371479 -0.117375 -0.094864 0.149369 -0.166742 0.0583285 0.522629 -0.0743617 -0.448204 0.150882 0.128122 -0.177334 -0.129334 0.146854 -0.47537 0.0171924 0.154979 0.132967 -0.00900968 -0.491097 -0.123323 0.316888 -0.0743617 0.817281 0.759346 -0.629617 0.909858 -0.705956 -2.02285 1.02139 -0.617465 2.08218 -0.709114 -0.269283 0.109778 -1.31234 -0.568545 -0.466187 -0.448204 0.759346 24.3474 -22.3537 -8.0691 3.88584 6.96728 -2.37791 -0.569183 -49.011 -1.24354 2.18182 0.254433 2.09701 1.3132 -0.707746 0.150882 -0.629617 -22.3537 71.6113
5.763 -0.529064 -3.40408 0.564454 0.702422 2.64264 -0.847677 -1.76252 0.199647 -0.31183 0.543584 -0.261445 0.0259313 0.0411701 0.103461 -4.05214 -0.529064 7.77142 2.588 -3.73742 -0.252796 -6.14602 -4.6311 -2.82714 -0.177421 -0.00435364 -0.0627256 -1.60556 0.340339 -0.654381 0.359349 7.65093 -3.40408 2.588 10.2621 -2.3846 -1.43936 -10.5439 -0.863773 0.54421 -0.500166 1.26475 -0.827167 -1.03705 -0.0930931 -0.261461 -3.49664 8.55268 0.564454 -3.73742 -2.3846 5.18314 -0.423007 3.39589 1.64174 1.12372 -0.232551 -0.150655 0.165329 0.798436 -0.28861 0.21896 1.3467 -3.84847 0.702422 -0.252796 -1.43936 -0.423007 2.5936 -0.302159 0.0904097 -1.17165 0.177207 -0.432618 0.0953029 0.23078 0.0982605 -0.447784 0.568621 -1.25948 2.64264 -6.14602 -10.5439 3.39589 -0.302159 50.0482 3.78779 2.30981 1.39336 -0.356852 -0.984435 1.12515 0.560815 0.707424 4.51205 -48.9199 -0.847677 -4.6311 -0.863773 1.64174 0.0904097 3.78779 6.58343 0.0566902 0.0135011 -0.216308 0.216785 -0.19599 0.105719 0.395234 -2.17102 -1.68013 -1.76252 -2.82714 0.54421 1.12372 -1.17165 2.30981 0.0566902 7.90779 -0.0271585 1.22674 -0.510313 1.21452 -0.303432 0.409138 -2.16629 -3.27769 0.199647 -0.177421 -0.500166 -0.232551 0.177207 1.39336 0.0135011 -0.0271585 1.3809 -0.290711 -0.0431523 0.200335 0.0375106 -0.0131567 0.0118553 -1.52648 -0.31183 -0.00435364 1.26475 -0.150655 -0.432618 -0.356852 -0.216308 1.22674 -0.290711 4.41868 -0.301066 -0.215953 0.0888586 -0.521241 -0.900011 0.0133161 0.543584 -0.0627256 -0.827167 0.165329 0.0953029 -0.984435 0.216785 -0.510313 -0.0431523 -0.301066 0.711959 0.0441285 -0.19109 -0.168564 -0.27452 1.6294 -0.261445 -1.60556 -1.03705 0.798436 0.23078 1.12515 -0.19599 1.21452 0.200335 -0.215953 0.0441285 2.67163 -0.152719 0.295961 0.00858743 -2.15411 0.0259313 0.340339 -0.0930931 -0.28861 0.0982605 0.560815 0.105719 -0.303432 0.0375106 0.0888586 -0.19109 -0.152719 0.467535 -0.0288351 -0.462146 0.129964 0.0411701 -0.654381 -0.261461 0.21896 -0.447784 0.707424 0.395234 0.409138 -0.0131567 -0.521241 -0.168564 0.295961 -0.0288351 1.00845 -0.58215 -0.113943 0.103461 0.359349 -3.49664 1.3467 0.568621 4.51205 -2.17102 -2.16629 0.0118553 -0.900011 -0.27452 0.00858743 -0.462146 -0.58215 21.8672 -20.9619 -4.05214 7.65093 8.55268 -3.84847 -1.25948 -48.9199 -1.68013 -3.27769 -1.52648 0.0133161 1.6294 -2.15411 0.129964 -0.113943 -20.9619 69.6268
5.20345 -0.20897 -2.56503 0.494992 0.592251 3.89661 -0.0464509 -1.34021 -0.381827 -0.488248 0.379956 -1.06266 0.00542489 0.125412 0.894647 -6.42726 -0.20897 7.89752 2.69731 -4.45261 -0.80893 -7.20867 -5.7425 -2.3855 0.262541 -0.799712 -0.383921 -0.651447 0.254971 -0.0395811 0.797179 7.84763 -2.56503 2.69731 9.49664 -2.60046 -1.38921 -10.716 -2.28434 -0.196801 0.0183207 0.796774 -0.986033 0.282274 -0.086526 -0.00438789 -3.17473 8.27533 0.494992 -4.45261 -2.60046 5.59913 -0.127636 4.93849 2.62798 1.02281 -0.358042 0.773893 0.417671 0.48008 -0.417419 -0.0455724 1.18682 -4.96657 0.592251 -0.80893 -1.38921 -0.127636 3.43148 0.288555 0.599924 -0.774104 0.501108 -0.96048 -0.082483 0.139284 0.275537 -0.314589 -1.49678 -0.851414 3.89661 -7.20867 -10.716 4.93849 0.288555 52.9892 5.18375 1.06562 -0.21966 -0.93673 0.599132 0.801061 -0.197786 0.128581 4.57617 -54.0937 -0.0464509 -5.7425 -2.28434 2.62798 0.599924 5.18375 6.96881 1.11438 -0.307279 -0.333574 0.528308 -0.836415 0.0329412 0.214534 -1.18415 -4.38207 -1.34021 -2.3855 -0.196801 1.02281 -0.774104 1.06562 1.11438 5.22084 0.0252611 0.627562 0.0832145 0.275674 -0.287126 -0.280261 -2.42427 -0.027259 -0.381827 0.262541 0.0183207 -0.358042 0.501108 -0.21966 -0.307279 0.0252611 1.89113 -0.901298 -0.340198 0.539671 0.170082 -0.0178476 -0.89029 0.914449 -0.488248 -0.799712 0.796774 0.773893 -0.96048 -0.93673 -0.333574 0.627562 -0.901298 4.34763 -0.231393 0.271077 -0.170613 -0.400791 0.0794938 0.917063 0.379956 -0.383921 -0.986033 0.417671 -0.082483 0.599132 0.528308 0.0832145 -0.340198 -0.231393 0.802433 -0.25049 -0.242146 -0.05622 -0.590091 0.540198 -1.06266 -0.651447 0.282274 0.48008 0.139284 0.801061 -0.836415 0.275674 0.539671 0.271077 -0.25049 2.91415 0.0348967 0.144396 0.013244 -1.81862 0.00542489 0.254971 -0.086526 -0.417419 0.275537 -0.197786 0.0329412 -0.287126 0.170082 -0.170613 -0.242146 0.0348967 0.551066 -0.0523082 -0.261607 0.383307 0.125412 -0.0395811 -0.00438789 -0.0455724 -0.314589 0.128581 0.214534 -0.280261 -0.0178476 -0.400791 -0.05622 0.144396 -0.0523082 0.747862 0.43145 -0.452168 0.894647 0.797179 -3.17473 1.18682 -1.49678 4.57617 -1.18415 -2.42427 -0.89029 0.0794938 -0.590091 0.013244 -0.261607 0.43145 19.4425 -17.4064 -6.42726 7.84763 8.27533 -4.96657 -0.851414 -54.0937 -4.38207 -0.027259 0.914449 0.917063 0.540198 -1.81862 0.383307 -0.452168 -17.4064 73.1885
4.94721 0.750374 -2.82392 0.298387 0.795047 4.11187 -1.33015 -1.40953 -0.534647 -0.060498 0.159515 -0.718073 0.244825 0.19841 0.469462 -5.29942 0.750374 6.8842 1.92915 -2.446 -0.837048 -1.99724 -4.63407 -1.88464 -0.49952 0.145506 -0.190234 -1.76108 0.0965711 -0.15369 -0.928751 4.19202 -2.82392 1.92915 12.0696 -2.22223 -1.16217 -11.4583 -1.18131 -0.235614 0.332285 0.211991 -1.16551 -0.413596 -0.497478 -0.373492 -4.99252 8.0587 0.298387 -2.446 -2.22223 4.0329 0.30452 1.69948 1.60095 -0.566584 0.193629 0.293454 0.0347782 0.247309 -0.129309 0.0117349 1.96675 -1.7926 0.795047 -0.837048 -1.16217 0.30452 2.98223 1.02392 0.474435 -0.9896 0.195975 -0.73063 -0.185894 0.0118775 0.11737 -0.309943 -1.32024 -1.28026 4.11187 -1.99724 -11.4583 1.69948 1.02392 46.7112 -0.618605 0.957756 -0.711368 -0.147833 0.576884 1.49368 0.835636 0.48332 4.73379 -45.4012 -1.33015 -4.63407 -1.18131 1.60095 0.474435 -0.618605 5.77081 0.652862 0.166598 -0.422165 0.207369 0.0186486 -0.106109 0.185558 -0.145575 1.01683 -1.40953 -1.88464 -0.235614 -0.566584 -0.9896 0.957756 0.652862 5.73423 0.273245 0.0172473 0.300297 0.766247 -0.168681 -0.156677 -1.26148 -1.5997 -0.534647 -0.49952 0.332285 0.193629 0.195975 -0.711368 0.166598 0.273245 1.50397 -0.405838 -0.121512 0.315595 0.041673 -0.158114 -0.632229 0.927903 -0.060498 0.145506 0.211991 0.293454 -0.73063 -0.147833 -0.422165 0.0172473 -0.405838 4.62625 -0.0160354 -0.272308 -0.165776 -0.316739 0.10759 0.482954 0.159515 -0.190234 -1.16551 0.0347782 -0.185894 0.576884 0.207369 0.300297 -0.121512 -0.0160354 0.745431 -0.0313972 -0.263961 -0.0703804 0.127866 0.171593 -0.718073 -1.76108 -0.413596 0.247309 0.0118775 1.49368 0.0186486 0.766247 0.315595 -0.272308 -0.0313972 2.95399 0.159723 0.308347 1.32806 -3.82269 0.244825 0.0965711 -0.497478 -0.129309 0.11737 0.835636 -0.106109 -0.168681 0.041673 -0.165776 -0.263961 0.159723 0.636535 0.0519281 -0.296471 -0.33505 0.19841 -0.15369 -0.373492 0.0117349 -0.309943 0.48332 0.185558 -0.156677 -0.158114 -0.316739 -0.0703804 0.308347 0.0519281 0.852718 0.771297 -0.944798 0.469462 -0.928751 -4.99252 1.96675 -1.32024 4.73379 -0.145575 -1.26148 -0.632229 0.10759 0.127866 1.32806 -0.296471 0.771297 20.9286 -18.7561 -5.29942 4.19202 8.0587 -1.7926 -1.28026 -45.4012 1.01683 -1.5997 0.927903 0.482954 0.171593 -3.82269 -0.33505 -0.944798 -18.7561 64.4931
5.96955 0.329679 -3.31548 0.48636 0.983941 3.19828 -0.5865 -1.15296 -0.72848 0.102889 0.330572 -0.723682 0.18699 0.63023 -1.40442 -3.86329 0.329679 5.9815 1.41576 -2.07486 -0.576927 -0.901206 -4.39083 -1.27178 -0.339468 -0.548465 -0.239056 -1.24903 0.133492 -0.0027097 -0.0223348 2.12254 -3.31548 1.41576 11.1534 -1.5346 -1.57421 -5.9522 -1.09377 -0.587341 0.421209 1.09514 -0.916121 -0.3978 -0.609707 -0.509371 -1.50907 1.63261 0.48636 -2.07486 -1.5346 3.57603 -0.243521 2.72681 1.2567 0.625822 0.139639 0.588601 0.124694 0.0965205 -0.0742856 -0.106849 0.823076 -2.75845 0.983941 -0.576927 -1.57421 -0.243521 2.70119 0.570727 0.370791 -0.397624 0.465144 -0.831662 -0.0324791 0.121154 0.0116041 -0.187909 -1.46586 -0.723662 3.19828 -0.901206 -5.9522 2.72681 0.570727 35.3896 -0.891689 -0.454647 -0.265858 -1.65603 -0.414342 0.536768 0.679215 -0.79 4.04717 -36.2026 -0.5865 -4.39083 -1.09377 1.2567 0.370791 -0.891689 5.45736 0.293476 0.191366 0.0150508 0.348458 0.0853654 -0.0439924 0.109675 -0.485946 0.843977 -1.15296 -1.27178 -0.587341 0.625822 -0.397624 -0.454647 0.293476 4.08513 0.195119 0.313615 -0.0478216 0.597079 -0.219665 -0.123835 -0.643312 0.385759 -0.72848 -0.339468 0.421209 0.139639 0.465144 -0.265858 0.191366 0.195119 1.58623 -0.196527 -0.18262 0.208962 -0.0922499 -0.271194 0.0549665 -0.153338 0.102889 -0.548465 1.09514 0.588601 -0.831662 -1.65603 0.0150508 0.313615 -0.196527 5.20555 -0.0802165 0.116471 -0.10112 -0.126446 -3.16471 3.85629 0.330572 -0.239056 -0.916121 0.124694 -0.0324791 -0.414342 0.348458 -0.0478216 -0.18262 -0.0802165 0.943459 -0.0463063 -0.300756 -0.180272 -0.758063 1.615 -0.723682 -1.24903 -0.3978 0.0965205 0.121154 0.536768 0.0853654 0.597079 0.208962 0.116471 -0.0463063 2.49178 -0.0463406 0.120169 1.22211 -2.37699 0.18699 0.133492 -0.609707 -0.0742856 0.0116041 0.679215 -0.0439924 -0.219665 -0.0922499 -0.10112 -0.300756 -0.0463406 0.692119 0.0365334 0.250025 -0.318059 0.63023 -0.0027097 -0.509371 -0.106849 -0.187909 -0.79 0.109675 -0.123835 -0.271194 -0.126446 -0.180272 0.120169 0.0365334 0.892329 0.161202 0.552855 -1.40442 -0.0223348 -1.50907 0.823076 -1.46586 4.04717 -0.485946 -0.643312 0.0549665 -3.16471 -0.758063 1.22211 0.250025 0.161202 21.499 -20.0935 -3.86329 2.12254 1.63261 -2.75845 -0.723662 -36.2026 0.843977 0.385759 -0.153338 3.85629 1.615 -2.37699 -0.318059 0.552855 -20.0935 58.4986
5.59381 -0.314523 -2.7095 0.981481 1.11054 5.05094 -0.587321 -1.20905 -0.907132 0.137065 0.196371 -0.765079 -0.0168695 0.204138 -0.105277 -7.24459 -0.314523 6.38014 1.16866 -2.99248 -0.297355 -0.545868 -4.65277 -1.97926 -0.261011 -0.0495623 -0.516655 -0.984123 0.530947 0.000881851 0.362968 2.41732 -2.7095 1.16866 10.1157 -1.69996 -0.723987 -9.44653 -1.13119 0.324536 0.51825 0.681235 -0.879095 0.460454 -0.460778 -0.634342 -3.58104 5.52496 0.981481 -2.99248 -1.69996 4.833 0.318082 1.8489 2.10479 0.472677 -0.537951 0.762197 0.0312976 -0.183471 -0.262586 0.194922 0.500125 -2.43203 1.11054 -0.297355 -0.723987 0.318082 2.99753 0.914833 -0.552913 -0.36571 0.0558233 0.0283064 -0.303578 0.555101 0.0977005 -0.273098 -1.48088 -2.53136 5.05094 -0.545868 -9.44653 1.8489 0.914833 59.9392 0.573629 -2.47792 -0.512794 -2.67547 -0.893027 -0.709896 2.2536 0.441105 0.658076 -55.4589 -0.587321 -4.65277 -1.13119 2.10479 -0.552913 0.573629 6.79833 0.413816 0.235748 -1.08685 0.604139 -0.813998 -0.233094 0.30399 -0.0917544 0.00102195 -1.20905 -1.97926 0.324536 0.472677 -0.36571 -2.47792 0.413816 5.55236 0.377587 0.687474 0.0857148 1.06586 -0.476629 -0.395122 -3.21952 2.9359 -0.907132 -0.261011 0.51825 -0.537951 0.0558233 -0.512794 0.235748 0.377587 1.50369 -0.448315 -0.0827722 0.399704 -0.127432 -0.0759713 -0.918695 1.13876 0.137065 -0.0495623 0.681235 0.762197 0.0283064 -2.67547 -1.08685 0.687474 -0.448315 4.304 -0.383266 0.133479 -0.205384 -0.107991 -0.961472 2.46863 0.196371 -0.516655 -0.879095 0.0312976 -0.303578 -0.893027 0.604139 0.0857148 -0.0827722 -0.383266 0.859381 0.037749 -0.308528 -0.121989 0.0799342 1.57058 -0.765079 -0.984123 0.460454 -0.183471 0.555101 -0.709896 -0.813998 1.06586 0.399704 0.133479 0.037749 2.89799 -0.201945 -0.0425268 -0.197098 -1.47096 -0.0168695 0.530947 -0.460778 -0.262586 0.0977005 2.2536 -0.233094 -0.476629 -0.127432 -0.205384 -0.308528 -0.201945 0.681412 0.0613364 0.342341 -1.8162 0.204138 0.000881851 -0.634342 0.194922 -0.273098 0.441105 0.30399 -0.395122 -0.0759713 -0.107991 -0.121989 -0.0425268 0.0613364 0.810843 0.828415 -0.521564 -0.105277 0.362968 -3.58104 0.500125 -1.48088 0.658076 -0.0917544 -3.21952 -0.918695 -0.961472 0.0799342 -0.197098 0.342341 0.828415 20.7636 -13.3381 -7.24459 2.41732 5.52496 -2.43203 -2.53136 -55.4589 0.00102195 2.9359 1.13876 2.46863 1.57058 -1.47096 -1.8162 -0.521564 -13.3381 72.2242
5.0234 0.574394 -2.74898 0.809821 0.063357 3.11311 -1.22642 -0.558906 -0.640318 0.882675 0.333906 -1.21239 0.126632 0.235196 -1.36286 -2.43295 0.574394 7.81886 1.16917 -2.74428 -1.30757 -4.40285 -5.86912 -2.37428 -0.764272 0.248061 -0.17188 -1.8127 0.350015 0.209613 1.36862 6.8504 -2.74898 1.16917 9.73097 -1.99789 -0.802681 -11.5772 -1.20518 -0.792984 0.280596 -0.972356 -0.499075 1.26582 -0.253042 -0.103573 -2.32293 7.17164 0.809821 -2.74428 -1.99789 3.2852 0.535844 4.11668 1.78232 0.590867 0.22398 0.292878 0.120677 -0.0104874 -0.0968747 -0.195128 -0.854811 -3.21592 0.063357 -1.30757 -0.802681 0.535844 3.25209 0.916885 0.383619 0.0865381 0.626587 -0.671577 -0.184883 0.750723 0.121304 -0.549418 -2.48763 -1.16785 3.11311 -4.40285 -11.5772 4.11668 0.916885 60.5307 6.27844 -0.84631 -0.510952 0.581762 -0.540555 -2.34492 0.401103 0.164669 9.10267 -61.6591 -1.22642 -5.86912 -1.20518 1.78232 0.383619 6.27844 8.51818 0.921163 0.333425 -0.917624 0.131032 -0.668157 -0.205167 0.065625 1.44362 -8.54097 -0.558906 -2.37428 -0.792984 0.590867 0.0865381 -0.84631 0.921163 5.42695 0.183749 0.34357 0.0568435 0.460213 -0.323786 -0.219619 -2.1589 0.511638 -0.640318 -0.764272 0.280596 0.22398 0.626587 -0.510952 0.333425 0.183749 1.70414 -0.68727 -0.23433 0.613811 0.00643527 -0.230584 -0.777148 0.438388 0.882675 0.248061 -0.972356 0.292878 -0.671577 0.581762 -0.917624 0.34357 -0.68727 4.56051 -0.00280788 -0.495762 0.0792628 -0.0895939 -1.34458 1.74149 0.333906 -0.17188 -0.499075 0.120677 -0.184883 -0.540555 0.131032 0.0568435 -0.23433 -0.00280788 0.802655 0.16094 -0.245063 -0.151996 -1.16337 1.77757 -1.21239 -1.8127 1.26582 -0.0104874 0.750723 -2.34492 -0.668157 0.460213 0.613811 -0.495762 0.16094 3.86241 -0.147445 0.0583209 -1.73049 0.714839 0.126632 0.350015 -0.253042 -0.0968747 0.121304 0.401103 -0.205167 -0.323786 0.00643527 0.0792628 -0.245063 -0.147445 0.593021 0.0380093 -0.33267 0.245617 0.235196 0.209613 -0.103573 -0.195128 -0.549418 0.164669 0.065625 -0.219619 -0.230584 -0.0895939 -0.151996 0.0583209 0.0380093 0.923524 0.995964 -0.824282 -1.36286 1.36862 -2.32293 -0.854811 -2.48763 9.10267 1.44362 -2.1589 -0.777148 -1.34458 -1.16337 -1.73049 -0.33267 0.995964 27.402 -27.4861 -2.43295 6.8504 7.17164 -3.21592 -1.16785 -61.6591 -8.54097 0.511638 0.438388 1.74149 1.77757 0.714839 0.245617 -0.824282 -27.4861 86.8923
5.08142 -0.373919 -2.4912 0.698928 0.618075 3.08242 -0.218008 -2.19887 -0.523493 0.424777 0.738081 -0.368759 -0.247844 0.204763 -0.124228 -4.42479 -0.373919 6.19163 1.74548 -2.71518 -0.12709 -3.46122 -4.73416 -1.47558 -0.142541 -0.783754 -0.176006 -1.06264 0.349205 -0.0295449 0.79803 4.33896 -2.4912 1.74548 10.3645 -2.16914 -0.756535 -9.22808 -0.995796 0.914552 0.479689 0.995267 -1.72049 -0.151654 -0.0380068 -0.472779 -2.02634 3.45629 0.698928 -2.71518 -2.16914 4.1173 -0.0202044 2.88976 1.42792 0.764405 -0.358576 1.01422 0.00878838 0.300429 0.0473598 -0.0141277 -0.782322 -1.58696 0.618075 -0.12709 -0.756535 -0.0202044 3.54172 -1.57968 -0.427435 -1.63541 0.338285 -0.600215 0.247723 0.545053 -0.103293 -0.754801 -1.43367 1.03107 3.08242 -3.46122 -9.22808 2.88976 -1.57968 48.4967 3.45419 -0.234653 -0.268347 -1.57788 -0.349321 1.08378 0.371604 1.49017 -0.384028 -42.7861 -0.218008 -4.73416 -0.995796 1.42792 -0.427435 3.45419 6.48188 0.630839 0.110878 -0.226829 0.472297 -0.201329 -0.241793 0.196463 -1.72148 -2.59265 -2.19887 -1.47558 0.914552 0.764405 -1.63541 -0.234653 0.630839 7.25059 -0.201335 0.405975 -0.977581 0.209285 0.309193 0.308957 -1.59056 -0.110207 -0.523493 -0.142541 0.479689 -0.358576 0.338285 -0.268347 0.110878 -0.201335 1.38782 -0.489339 -0.0393511 0.441858 -0.129256 -0.0368918 -0.417188 0.167362 0.424777 -0.783754 0.995267 1.01422 -0.600215 -1.57788 -0.226829 0.405975 -0.489339 4.69359 -0.677126 -0.0326699 0.0617681 -0.0622766 -1.24902 1.39617 0.738081 -0.176006 -1.72049 0.00878838 0.247723 -0.349321 0.472297 -0.977581 -0.0393511 -0.677126 1.15814 -0.139381 -0.310003 -0.106586 0.388661 1.34676 -0.368759 -1.06264 -0.151654 0.300429 0.545053 1.08378 -0.201329 0.209285 0.441858 -0.0326699 -0.139381 2.28225 -0.121154 0.0631611 -0.225644 -2.27951 -0.247844 0.349205 -0.0380068 0.0473598 -0.103293 0.371604 -0.241793 0.309193 -0.129256 0.0617681 -0.310003 -0.121154 0.577547 0.0154615 -0.564172 0.434017 0.204763 -0.0295449 -0.472779 -0.0141277 -0.754801 1.49017 0.196463 0.308957 -0.0368918 -0.0622766 -0.106586 0.0631611 0.0154615 0.894029 0.0906276 -1.07546 -0.124228 0.79803 -2.02634 -0.782322 -1.43367 -0.384028 -1.72148 -1.59056 -0.417188 -1.24902 0.388661 -0.225644 -0.564172 0.0906276 22.5649 -15.5338 -4.42479 4.33896 3.45629 -1.58696 1.03107 -42.7861 -2.59265 -0.110207 0.167362 1.39617 1.34676 -2.27951 0.434017 -1.07546 -15.5338 60.692
3.84173 0.202574 -2.06359 0.255808 0.320187 2.12211 -0.637695 -1.59599 -0.295478 0.507059 0.396926 -0.393456 0.0428893 0.262743 0.496411 -3.33516 0.202574 7.21493 2.32376 -3.45852 -1.07716 -5.05323 -5.6597 -2.80739 -0.621621 0.156993 -0.272207 -0.899443 0.1947 0.461934 2.79153 4.22951 -2.06359 2.32376 8.91878 -2.72285 -1.16547 -8.29185 -1.69941 0.0954928 -0.418743 0.266024 -1.00774 -0.560672 -0.098013 0.131393 -0.0812522 2.8933 0.255808 -3.45852 -2.72285 4.40743 0.500215 5.99212 2.54165 1.0893 0.356494 -0.101502 0.284068 0.585061 -0.144232 -0.271224 -1.61422 -3.77619 0.320187 -1.07716 -1.16547 0.500215 3.58669 -0.564325 0.658522 -0.826117 0.636821 -0.916586 0.147735 0.547812 0.197951 -0.574596 -2.42273 0.774271 2.12211 -5.05323 -8.29185 5.99212 -0.564325 45.7289 2.12268 2.02522 1.46194 0.0477923 -0.64938 0.701585 0.0987096 -0.387403 1.36792 -41.4967 -0.637695 -5.6597 -1.69941 2.54165 0.658522 2.12268 7.12751 0.979624 0.174194 -0.413711 0.482138 -0.558826 -0.0739562 -0.383129 -3.09156 0.566587 -1.59599 -2.80739 0.0954928 1.0893 -0.826117 2.02522 0.979624 8.73472 0.258924 -0.0155336 -0.0843779 0.710401 -0.474031 -0.533728 -4.58864 -1.04004 -0.295478 -0.621621 -0.418743 0.356494 0.636821 1.46194 0.174194 0.258924 1.62136 -0.317966 -0.116457 0.416366 0.0179142 -0.213919 -0.587958 -1.1769 0.507059 0.156993 0.266024 -0.101502 -0.916586 0.0477923 -0.413711 -0.0155336 -0.317966 3.97823 -0.204962 -0.465498 -0.157125 -0.000525647 0.35023 -0.331051 0.396926 -0.272207 -1.00774 0.284068 0.147735 -0.64938 0.482138 -0.0843779 -0.116457 -0.204962 0.992426 0.165235 -0.257607 -0.216957 -1.18934 2.1408 -0.393456 -0.899443 -0.560672 0.585061 0.547812 0.701585 -0.558826 0.710401 0.416366 -0.465498 0.165235 2.53458 0.0522618 -0.0571056 -0.508639 -1.3927 0.0428893 0.1947 -0.098013 -0.144232 0.197951 0.0987096 -0.0739562 -0.474031 0.0179142 -0.157125 -0.257607 0.0522618 0.49713 -0.000758632 -0.140036 0.144002 0.262743 0.461934 0.131393 -0.271224 -0.574596 -0.387403 -0.383129 -0.533728 -0.213919 -0.000525647 -0.216957 -0.0571056 -0.000758632 0.826714 1.3642 -0.536164 0.496411 2.79153 -0.0812522 -1.61422 -2.42273 1.36792 -3.09156 -4.58864 -0.587958 0.35023 -1.18934 -0.508639 -0.140036 1.3642 26.9916 -21.5001 -3.33516 4.22951 2.8933 -3.77619 0.774271 -41.4967 0.566587 -1.04004 -1.1769 -0.331051 2.1408 -1.3927 0.144002 -0.536164 -21.5001 62.5021
5.8024 0.902224 -2.07967 0.136307 0.466735 1.80789 -1.04363 -2.5471 -0.258193 -0.31269 0.479223 -1.11708 0.198356 0.313393 1.07956 -4.57976 0.902224 7.02882 2.22668 -2.8615 0.082462 -3.127 -5.02294 -3.65428 -0.375456 -0.871026 -0.437904 -0.693406 0.316382 0.125644 2.10232 2.0962 -2.07967 2.22668 9.89543 -2.35206 -0.667741 -9.38042 -1.89532 0.0616754 -0.0257071 -0.253976 -1.29343 0.147922 -0.227024 0.115331 -2.7391 5.37797 0.136307 -2.8615 -2.35206 3.61181 -0.385753 2.17155 1.80001 1.19278 -0.0612742 1.05867 0.274144 0.0379666 0.083383 -0.205442 -0.913689 -0.288282 0.466735 0.082462 -0.667741 -0.385753 4.34063 0.935974 -0.246065 -1.47133 0.689205 -0.763133 -0.3807 0.556402 -0.00208043 -0.190134 -2.22918 -1.91683 1.80789 -3.127 -9.38042 2.17155 0.935974 47.0921 3.65923 -2.61393 1.6516 -1.6142 -0.219217 0.40241 -0.158263 0.20897 4.15917 -43.3476 -1.04363 -5.02294 -1.89532 1.80001 -0.246065 3.65923 6.65073 1.98139 -0.124452 -0.931053 0.757372 -1.0328 -0.260149 -0.0575298 -1.50478 -1.46045 -2.5471 -3.65428 0.0616754 1.19278 -1.47133 -2.61393 1.98139 9.3439 -0.298632 1.70723 0.435693 0.864143 -0.534705 -0.723541 -4.4044 3.97171 -0.258193 -0.375456 -0.0257071 -0.0612742 0.689205 1.6516 -0.124452 -0.298632 1.66195 -0.0322913 -0.263412 0.489507 -0.0505431 -0.0390611 -0.802224 -1.37027 -0.31269 -0.871026 -0.253976 1.05867 -0.763133 -1.6142 -0.931053 1.70723 -0.0322913 5.11686 -0.263392 0.742697 0.139599 -0.475109 -1.65835 2.68115 0.479223 -0.437904 -1.29343 0.274144 -0.3807 -0.219217 0.757372 0.435693 -0.263412 -0.263392 1.18961 -0.229397 -0.29476 -0.306623 -0.301993 1.2525 -1.11708 -0.693406 0.147922 0.0379666 0.556402 0.40241 -1.0328 0.864143 0.489507 0.742697 -0.229397 3.01118 -0.00884155 -0.0878867 -0.503108 -1.4412 0.198356 0.316382 -0.227024 0.083383 -0.00208043 -0.158263 -0.260149 -0.534705 -0.0505431 0.139599 -0.29476 -0.00884155 0.586043 0.0588109 -0.332694 0.831178 0.313393 0.125644 0.115331 -0.205442 -0.190134 0.20897 -0.0575298 -0.723541 -0.0390611 -0.475109 -0.306623 -0.0878867 0.0588109 0.836279 0.773674 -0.687997 1.07956 2.10232 -2.7391 -0.913689 -2.22918 4.15917 -1.50478 -4.4044 -0.802224 -1.65835 -0.301993 -0.503108 -0.332694 0.773674 27.4755 -22.3603 -4.57976 2.0962 5.37797 -0.288282 -1.91683 -43.3476 -1.46045 3.97171 -1.37027 2.68115 1.2525 -1.4412 0.831178 -0.687997 -22.3603 63.4565
