267.985 22.3436 -2.45503 -6.23259 -9.92769 9.43047 6.5191 -139.192 119.257 -9.00839 215.781 -45.0135 34.9305 9.13467 -50.5803 -1.81431 22.3436 87.9854 -25.3734 -4.18962 12.614 18.5624 38.793 17.3424 -23.4814 -73.8589 -4.0644 -1.073 16.357 92.4133 -12.2123 13.2779 -2.45503 -25.3734 42.4091 5.25168 -20.2218 -14.703 -27.9777 -74.7764 61.3867 52.6733 -0.454104 10.8847 -82.3964 -72.7331 2.96353 -14.1761 -6.23259 -4.18962 5.25168 20.5915 -2.07374 -0.902938 -2.81145 4.61898 -1.68902 8.21718 -3.28907 -1.98469 33.5829 -15.6298 -2.05573 -1.86175 -9.92769 12.614 -20.2218 -2.07374 53.716 3.57853 5.81093 57.2677 -101.113 -19.5563 27.4102 -37.9528 31.8685 8.82522 -8.12254 18.8127 9.43047 18.5624 -14.703 -0.902938 3.57853 26.4197 24.5109 38.6 -32.3551 -15.5314 0.898613 18.6313 16.143 57.8148 -9.21846 3.05065 6.5191 38.793 -27.9777 -2.81145 5.81093 24.5109 118.123 117.058 51.0905 -117.567 -11.1686 3.17742 101.568 118.586 -17.4649 9.8759 -139.192 17.3424 -74.7764 4.61898 57.2677 38.6 117.058 647.973 -230.626 -214.138 -173.362 -32.2283 73.4037 203.223 -0.0798679 44.9367 119.257 -23.4814 61.3867 -1.68902 -101.113 -32.3551 51.0905 -230.626 658.715 -53.9494 101.923 56.997 39.3897 -18.6106 11.1947 -39.1849 -9.00839 -73.8589 52.6733 8.21718 -19.5563 -15.5314 -117.567 -214.138 -53.9494 406.5 -6.17281 31.7414 -203.133 -192.98 6.66708 -31.4422 215.781 -4.0644 -0.454104 -3.28907 27.4102 0.898613 -11.1686 -173.362 101.923 -6.17281 557.46 -23.7949 7.9854 -39.4833 -74.5308 4.00752 -45.0135 -1.073 10.8847 -1.98469 -37.9528 18.6313 3.17742 -32.2283 56.997 31.7414 -23.7949 230.269 -22.1618 46.6691 12.6992 -20.108 34.9305 16.357 -82.3964 33.5829 31.8685 16.143 101.568 73.4037 39.3897 -203.133 7.9854 -22.1618 2365.57 264.408 -11.5206 11.7715 9.13467 92.4133 -72.7331 -15.6298 8.82522 57.8148 118.586 203.223 -18.6106 -192.98 -39.4833 46.6691 264.408 390.208 -9.30495 16.63 -50.5803 -12.2123 2.96353 -2.05573 -8.12254 -9.21846 -17.4649 -0.0798679 11.1947 6.66708 -74.5308 12.6992 -11.5206 -9.30495 92.4946 -9.15008 -1.81431 13.2779 -14.1761 -1.86175 18.8127 3.05065 9.8759 44.9367 -39.1849 -31.4422 4.00752 -20.108 11.7715 16.63 -9.15008 20.3309
347.929 4.41381 31.7278 37.571 -22.1378 11.8186 23.7862 -297.776 185.734 -72.6494 279.687 -51.5453 -109.526 -57.155 -11.8999 -24.5951 4.41381 79.6663 -9.38088 11.2671 13.1212 6.0502 43.5917 -10.5233 25.7024 -4.70655 -25.7769 -40.4175 -50.4731 3.70925 -14.0433 11.3717 31.7278 -9.38088 56.0397 7.21382 -34.5712 -21.3884 2.21685 -161.829 100.467 51.504 -6.27879 -12.2437 -151.15 -96.7534 -16.5265 -14.301 37.571 11.2671 7.21382 32.8764 1.4733 -0.865147 6.70777 -30.7413 32.3726 -4.88357 32.7131 -30.6141 19.1044 -22.6197 -8.36489 -3.78768 -22.1378 13.1212 -34.5712 1.4733 61.9488 8.22759 4.56881 141.238 -105.531 -20.3681 43.4584 -18.5505 183.703 45.3992 -2.54222 12.6892 11.8186 6.0502 -21.3884 -0.865147 8.22759 27.5774 11.5139 55.0724 -38.5564 -17.8965 -2.94401 7.63104 61.9712 58.5861 12.7337 2.62601 23.7862 43.5917 2.21685 6.70777 4.56881 11.5139 109.021 29.9074 63.0625 -12.6965 26.8169 -50.1147 -21.0424 36.5488 -15.8344 4.24178 -297.776 -10.5233 -161.829 -30.7413 141.238 55.0724 29.9074 1167.15 -469.533 -90.8301 -116.482 29.8544 699.693 371.532 31.8448 60.0533 185.734 25.7024 100.467 32.3726 -105.531 -38.5564 63.0625 -469.533 675.855 -2.43405 87.2227 -73.0962 -343.115 -101.61 -38.0147 -21.4156 -72.6494 -4.70655 51.504 -4.88357 -20.3681 -17.8965 -12.6965 -90.8301 -2.43405 346.864 -140.613 -23.1442 -169.9 -149.737 -76.6372 -9.40444 279.687 -25.7769 -6.27879 32.7131 43.4584 -2.94401 26.8169 -116.482 87.2227 -140.613 726.187 -86.0199 283.609 -22.2404 -33.1648 10.2701 -51.5453 -40.4175 -12.2437 -30.6141 -18.5505 7.63104 -50.1147 29.8544 -73.0962 -23.1442 -86.0199 163.808 -73.1642 23.4244 35.8682 -9.28217 -109.526 -50.4731 -151.15 19.1044 183.703 61.9712 -21.0424 699.693 -343.115 -169.9 283.609 -73.1642 2125.61 364.636 97.745 50.5676 -57.155 3.70925 -96.7534 -22.6197 45.3992 58.5861 36.5488 371.532 -101.61 -149.737 -22.2404 23.4244 364.636 425.125 54.3677 34.643 -11.8999 -14.0433 -16.5265 -8.36489 -2.54222 12.7337 -15.8344 31.8448 -38.0147 -76.6372 -33.1648 35.8682 97.745 54.3677 124.514 -8.18906 -24.5951 11.3717 -14.301 -3.78768 12.6892 2.62601 4.24178 60.0533 -21.4156 -9.40444 10.2701 -9.28217 50.5676 34.643 -8.18906 19.4062
254.641 4.84924 38.4453 22.2242 -34.2049 -3.42213 34.9643 -217.182 78.9019 22.1791 123.495 -80.7397 -128.903 -87.2476 12.7736 -23.526 4.84924 100.865 -11.8463 20.1414 17.926 1.49413 46.4666 -64.3585 -30.9059 -27.2919 25.6294 3.41436 -1.78643 7.8076 15.7545 8.2878 38.4453 -11.8463 51.9891 1.53604 -31.626 -12.2415 -2.78748 -118.69 95.5778 35.3995 -2.41905 -44.0168 -52.2972 -79.4612 -13.374 -7.48603 22.2242 20.1414 1.53604 44.3583 -0.36512 0.54828 11.5062 -32.7558 -38.6248 -36.8404 3.05906 -10.3405 76.3463 19.5607 6.99382 -1.12986 -34.2049 17.926 -31.626 -0.36512 74.922 3.9412 -3.91714 101.143 -107.877 -22.5581 59.5755 17.7794 132.542 65.1875 -14.8666 12.8719 -3.42213 1.49413 -12.2415 0.54828 3.9412 18.3973 9.4838 54.3847 -40.9354 -14.1664 1.44589 5.73357 17.4228 37.3464 4.79804 1.54163 34.9643 46.4666 -2.78748 11.5062 -3.91714 9.4838 89.1686 -8.4521 2.71983 -32.2422 69.8046 -37.7285 -13.6801 6.25358 2.52327 -2.83126 -217.182 -64.3585 -118.69 -32.7558 101.143 54.3847 -8.4521 1186.45 -367.44 -70.2622 -166.382 121.542 728.305 364.907 -46.691 27.9898 78.9019 -30.9059 95.5778 -38.6248 -107.877 -40.9354 2.71983 -367.44 686.722 78.3345 61.2847 -30.3189 -389.023 -254.536 37.0433 -21.4422 22.1791 -27.2919 35.3995 -36.8404 -22.5581 -14.1664 -32.2422 -70.2622 78.3345 229.31 -42.8643 -62.4315 -66.3256 -108.278 -41.3084 -7.91234 123.495 25.6294 -2.41905 3.05906 59.5755 1.44589 69.8046 -166.382 61.2847 -42.8643 611.226 -51.539 -16.1664 32.4216 -51.4441 5.05876 -80.7397 3.41436 -44.0168 -10.3405 17.7794 5.73357 -37.7285 121.542 -30.3189 -62.4315 -51.539 207.973 -40.8036 69.3633 36.2565 11.702 -128.903 -1.78643 -52.2972 76.3463 132.542 17.4228 -13.6801 728.305 -389.023 -66.3256 -16.1664 -40.8036 1776.68 365.204 -52.3214 34.8055 -87.2476 7.8076 -79.4612 19.5607 65.1875 37.3464 6.25358 364.907 -254.536 -108.278 32.4216 69.3633 365.204 485.153 16.2194 2.62959 12.7736 15.7545 -13.374 6.99382 -14.8666 4.79804 2.52327 -46.691 37.0433 -41.3084 -51.4441 36.2565 -52.3214 16.2194 115.493 -6.94617 -23.526 8.2878 -7.48603 -1.12986 12.8719 1.54163 -2.83126 27.9898 -21.4422 -7.91234 5.05876 11.702 34.8055 2.62959 -6.94617 16.7179
248.925 43.7826 28.5292 15.9355 -67.3224 -0.73762 12.1031 -31.7013 -23.2496 -31.9013 53.2497 -75.5543 -66.3041 -56.0107 19.9416 5.60652 43.7826 92.4939 -4.15768 18.6474 -17.3138 0.887207 36.6573 -7.41357 24.0763 -33.2164 28.6491 -29.0743 -61.3617 -6.307 4.0623 17.1444 28.5292 -4.15768 65.2602 -4.82284 -53.8219 -9.57984 -7.96716 -40.4154 46.6147 54.638 -34.8986 -46.6735 33.6241 -104.027 -23.2651 8.54156 15.9355 18.6474 -4.82284 36.792 2.96277 4.82434 -4.93302 5.52347 -4.13572 -43.6438 15.4879 21.3398 25.5707 20.8217 11.1863 5.0573 -67.3224 -17.3138 -53.8219 2.96277 105.708 2.23852 -16.9034 51.8402 -24.0909 -58.6183 76.0243 76.7643 -44.9435 128.206 27.8766 -12.8465 -0.73762 0.887207 -9.57984 4.82434 2.23852 21.3078 0.450982 35.246 -14.8634 -13.5099 8.68086 -1.40654 22.8208 4.26937 -1.8414 4.83825 12.1031 36.6573 -7.96716 -4.93302 -16.9034 0.450982 136.758 24.6592 -7.01018 -9.99397 25.6445 -83.0393 79.5374 50.7573 -5.13724 4.96893 -31.7013 -7.41357 -40.4154 5.52347 51.8402 35.246 24.6592 646.324 -31.4234 -118.575 -71.8495 45.4145 119.572 127.061 16.3505 19.7744 -23.2496 24.0763 46.6147 -4.13572 -24.0909 -14.8634 -7.01018 -31.4234 388.059 25.1235 -5.37467 25.789 -17.4571 -11.9336 -3.70684 13.051 -31.9013 -33.2164 54.638 -43.6438 -58.6183 -13.5099 -9.99397 -118.575 25.1235 259.119 -142.566 -32.1236 24.7162 -189.196 -41.7178 -0.540969 53.2497 28.6491 -34.8986 15.4879 76.0243 8.68086 25.6445 -71.8495 -5.37467 -142.566 620.61 -89.1417 -21.3669 190.076 -19.9676 5.15297 -75.5543 -29.0743 -46.6735 21.3398 76.7643 -1.40654 -83.0393 45.4145 25.789 -32.1236 -89.1417 294.851 -130.247 71.5655 39.2949 -21.2163 -66.3041 -61.3617 33.6241 25.5707 -44.9435 22.8208 79.5374 119.572 -17.4571 24.7162 -21.3669 -130.247 1804.52 125.084 -86.4235 85.7902 -56.0107 -6.307 -104.027 20.8217 128.206 4.26937 50.7573 127.061 -11.9336 -189.196 190.076 71.5655 125.084 513.179 67.5436 -22.4104 19.9416 4.0623 -23.2651 11.1863 27.8766 -1.8414 -5.13724 16.3505 -3.70684 -41.7178 -19.9676 39.2949 -86.4235 67.5436 72.3204 -13.1034 5.60652 17.1444 8.54156 5.0573 -12.8465 4.83825 4.96893 19.7744 13.051 -0.540969 5.15297 -21.2163 85.7902 -22.4104 -13.1034 21.3213
262.386 45.7571 -8.95069 -28.1203 -30.2231 -4.79554 62.1084 -1.93571 39.4358 28.4868 -3.73157 -22.2154 -160.083 67.5802 11.8816 -2.28702 45.7571 83.1737 -35.9234 -3.56233 12.1546 7.22944 35.399 -13.2225 7.1909 -13.3709 51.0844 -17.0342 -148.14 41.8579 5.63811 10.0981 -8.95069 -35.9234 87.6688 -19.5051 -60.8147 -8.02837 25.2424 13.5036 83.5812 62.6387 -63.595 -40.1651 176.172 -68.1836 -41.3673 12.8997 -28.1203 -3.56233 -19.5051 46.4721 20.2722 -2.30954 -20.6171 7.0936 -59.4991 -44.9234 29.5587 38.9095 49.6889 26.0691 12.7159 -4.42706 -30.2231 12.1546 -60.8147 20.2722 106.117 1.38423 -31.1768 5.15298 -82.8477 -83.3815 87.7698 63.6531 -108.865 96.6604 55.5435 -13.8542 -4.79554 7.22944 -8.02837 -2.30954 1.38423 25.0255 -0.725801 20.2329 2.424 3.0252 -6.2461 -8.38035 1.72892 -10.5902 -9.42315 10.8816 62.1084 35.399 25.2424 -20.6171 -31.1768 -0.725801 140.203 -25.6249 61.9166 2.2303 -16.9767 -52.4333 -60.3086 8.25161 -26.7423 5.58261 -1.93571 -13.2225 13.5036 7.0936 5.15298 20.2329 -25.6249 506.452 -64.5218 14.4453 -26.6624 -45.7128 302.632 -1.22236 41.6198 30.3015 39.4358 7.1909 83.5812 -59.4991 -82.8477 2.424 61.9166 -64.5218 606.776 83.6692 41.4189 -105.358 149.352 -11.8373 -115.707 42.8297 28.4868 -13.3709 62.6387 -44.9234 -83.3815 3.0252 2.2303 14.4453 83.6692 215.876 -126.035 -97.188 86.265 -132.676 -39.0087 18.045 -3.73157 51.0844 -63.595 29.5587 87.7698 -6.2461 -16.9767 -26.6624 41.4189 -126.035 461.041 24.581 -67.3361 103.538 -9.18852 9.55106 -22.2154 -17.0342 -40.1651 38.9095 63.6531 -8.38035 -52.4333 -45.7128 -105.358 -97.188 24.581 305.731 -56.8213 99.2482 52.4393 -9.45546 -160.083 -148.14 176.172 49.6889 -108.865 1.72892 -60.3086 302.632 149.352 86.265 -67.3361 -56.8213 1576.02 -113.171 -105.599 56.8622 67.5802 41.8579 -68.1836 26.0691 96.6604 -10.5902 8.25161 -1.22236 -11.8373 -132.676 103.538 99.2482 -113.171 421.486 66.035 -24.5218 11.8816 5.63811 -41.3673 12.7159 55.5435 -9.42315 -26.7423 41.6198 -115.707 -39.0087 -9.18852 52.4393 -105.599 66.035 102.166 -20.1292 -2.28702 10.0981 12.8997 -4.42706 -13.8542 10.8816 5.58261 30.3015 42.8297 18.045 9.55106 -9.45546 56.8622 -24.5218 -20.1292 25.7654
288.832 17.1573 31.5816 -18.9284 14.14 -47.0258 70.8561 -81.6642 -55.0591 28.3573 -125.028 38.0485 -259.542 -5.97755 64.4675 -21.9769 17.1573 68.3729 -12.316 -9.4264 17.0895 12.4484 20.9074 25.6704 -9.8301 13.7271 25.133 -50.0697 -89.3211 3.6969 -9.50495 8.48655 31.5816 -12.316 57.3429 -15.9755 -32.3176 -16.8121 8.9544 -84.5136 10.9611 39.0983 -19.3332 21.3114 0.288804 -58.1425 -0.606474 0.87164 -18.9284 -9.4264 -15.9755 41.9674 18.7269 0.570671 -27.3686 49.8227 -36.852 -25.65 -15.1366 21.3934 56.9097 39.6123 14.2195 -5.76303 14.14 17.0895 -32.3176 18.7269 73.0218 6.53353 1.49694 75.5577 -63.6432 -32.2494 9.62862 6.11819 -81.7714 56.2014 32.0175 -10.5884 -47.0258 12.4484 -16.8121 0.570671 6.53353 31.9325 -3.49825 35.3448 30.7877 -12.5666 69.2961 -28.4333 56.4495 8.64629 -26.2278 14.5376 70.8561 20.9074 8.9544 -27.3686 1.49694 -3.49825 106.798 -87.1377 38.9254 -12.097 35.82 -19.199 -106.308 -9.07703 -12.7742 -5.00213 -81.6642 25.6704 -84.5136 49.8227 75.5577 35.3448 -87.1377 779.737 -314.154 -31.3591 -101.122 -103.59 321.941 113.34 82.4025 8.03867 -55.0591 -9.8301 10.9611 -36.852 -63.6432 30.7877 38.9254 -314.154 645.516 -30.2311 246.453 -9.13942 113.856 15.7229 -124.49 27.0315 28.3573 13.7271 39.0983 -25.65 -32.2494 -12.5666 -12.097 -31.3591 -30.2311 206.937 -89.4228 -48.9148 35.7389 -79.9006 -2.30958 9.2136 -125.028 25.133 -19.3332 -15.1366 9.62862 69.2961 35.82 -101.122 246.453 -89.4228 482.025 -23.0796 49.6383 14.0883 -106.576 53.0517 38.0485 -50.0697 21.3114 21.3934 6.11819 -28.4333 -19.199 -103.59 -9.13942 -48.9148 -23.0796 252.875 -86.8754 46.5045 41.0257 -22.4627 -259.542 -89.3211 0.288804 56.9097 -81.7714 56.4495 -106.308 321.941 113.856 35.7389 49.6383 -86.8754 1466.41 36.9929 -97.0236 36.265 -5.97755 3.6969 -58.1425 39.6123 56.2014 8.64629 -9.07703 113.34 15.7229 -79.9006 14.0883 46.5045 36.9929 286.818 43.8489 -24.4989 64.4675 -9.50495 -0.606474 14.2195 32.0175 -26.2278 -12.7742 82.4025 -124.49 -2.30958 -106.576 41.0257 -97.0236 43.8489 101.165 -23.7879 -21.9769 8.48655 0.87164 -5.76303 -10.5884 14.5376 -5.00213 8.03867 27.0315 9.2136 53.0517 -22.4627 36.265 -24.4989 -23.7879 25.2394
323.462 25.0203 44.6374 -18.4828 -9.24185 -31.0298 57.3806 -52.9649 168.107 4.94427 -115.44 75.6517 -243.306 77.0927 48.4315 -17.2419 25.0203 60.9197 2.26708 -6.11152 10.5192 8.90596 28.0566 24.6858 -20.3456 14.2662 -3.73539 -73.4477 -73.4608 -19.8921 1.07515 1.20216 44.6374 2.26708 74.6936 -20.0855 -36.5435 -11.4166 15.2831 -72.7233 82.5337 70.3564 -28.9151 0.397989 29.9636 -31.5245 -5.98003 -2.87213 -18.4828 -6.11152 -20.0855 43.2797 21.8732 -1.58148 -26.792 63.8169 -21.8887 -42.5193 27.9485 3.81203 28.4304 28.2611 3.22501 3.64496 -9.24185 10.5192 -36.5435 21.8732 51.0224 6.42693 3.99249 88.5396 -67.5905 -61.5199 37.4973 -21.7999 -66.0989 42.2486 10.765 1.92723 -31.0298 8.90596 -11.4166 -1.58148 6.42693 26.8274 2.51196 -17.1371 -0.844052 14.638 58.0667 -31.6342 23.3288 -31.0643 -24.086 8.96252 57.3806 28.0566 15.2831 -26.792 3.99249 2.51196 99.0758 -3.6084 24.1555 -8.15871 23.448 -35.7969 -37.4891 3.75379 5.1414 -2.82111 -52.9649 24.6858 -72.7233 63.8169 88.5396 -17.1371 -3.6084 692.653 -338.578 -162.862 -62.3017 -60.5833 101.511 195.766 124.81 -7.84748 168.107 -20.3456 82.5337 -21.8887 -67.5905 -0.844052 24.1555 -338.578 675.187 105.664 -17.061 91.951 182.253 -65.069 -104.957 10.6545 4.94427 14.2662 70.3564 -42.5193 -61.5199 14.638 -8.15871 -162.862 105.664 312.864 -46.9898 -58.2371 87.8785 -135.36 -24.9358 7.39687 -115.44 -3.73539 -28.9151 27.9485 37.4973 58.0667 23.448 -62.3017 -17.061 -46.9898 486.111 -22.1725 258.842 -24.4775 -42.4435 36.0446 75.6517 -73.4477 0.397989 3.81203 -21.7999 -31.6342 -35.7969 -60.5833 91.951 -58.2371 -22.1725 297.074 5.85014 110.606 30.8049 -10.2928 -243.306 -73.4608 29.9636 28.4304 -66.0989 23.3288 -37.4891 101.511 182.253 87.8785 258.842 5.85014 1917.56 -10.5261 -3.9057 32.3687 77.0927 -19.8921 -31.5245 28.2611 42.2486 -31.0643 3.75379 195.766 -65.069 -135.36 -24.4775 110.606 -10.5261 355.772 102.273 -14.5805 48.4315 1.07515 -5.98003 3.22501 10.765 -24.086 5.1414 124.81 -104.957 -24.9358 -42.4435 30.8049 -3.9057 102.273 116.547 -12.719 -17.2419 1.20216 -2.87213 3.64496 1.92723 8.96252 -2.82111 -7.84748 10.6545 7.39687 36.0446 -10.2928 32.3687 -14.5805 -12.719 14.1996
298.609 26.7727 58.5538 -24.6003 -8.45366 -8.12001 72.8261 -141.879 160.41 5.95825 80.0403 -15.0889 9.05574 9.63188 -11.9024 -11.228 26.7727 59.7577 -1.15872 7.14441 4.53301 2.10422 27.2991 51.7607 29.4309 -3.84251 29.3673 -24.8044 -51.5243 -17.7034 3.11919 -1.31451 58.5538 -1.15872 75.5076 -15.8373 -33.084 -3.09725 38.0912 -112.078 95.4609 48.0066 55.8982 -18.3771 -7.22566 -24.3125 -21.8195 -9.01446 -24.6003 7.14441 -15.8373 33.8141 12.0103 5.55153 -16.9027 39.2809 -35.0487 -4.68618 1.7749 -4.59498 -49.6402 -4.62609 -3.41796 8.03885 -8.45366 4.53301 -33.084 12.0103 41.3456 3.43054 -11.9931 68.9937 -66.1119 -23.3608 -16.3486 -4.10896 -8.78515 20.7624 15.7648 5.05312 -8.12001 2.10422 -3.09725 5.55153 3.43054 17.3727 1.23664 8.66474 0.962826 10.0349 29.902 -14.6042 46.071 -20.2609 -9.01362 4.24276 72.8261 27.2991 38.0912 -16.9027 -11.9931 1.23664 93.5735 -31.5909 143.081 5.00784 98.0893 -27.7217 -3.98704 -18.3146 -18.0603 -13.0769 -141.879 51.7607 -112.078 39.2809 68.9937 8.66474 -31.5909 811.176 -200.858 -84.8688 -166.044 -12.3472 45.0576 55.8933 62.2456 14.9083 160.41 29.4309 95.4609 -35.0487 -66.1119 0.962826 143.081 -200.858 919.093 66.7334 182.683 14.0165 -71.6487 -103.986 -142.27 -37.805 5.95825 -3.84251 48.0066 -4.68618 -23.3608 10.0349 5.00784 -84.8688 66.7334 263.42 -13.0111 -51.4017 -72.7943 -106.179 -24.1322 13.9031 80.0403 29.3673 55.8982 1.7749 -16.3486 29.902 98.0893 -166.044 182.683 -13.0111 476.02 -90.7872 140.045 4.21487 -45.8472 5.27292 -15.0889 -24.8044 -18.3771 -4.59498 -4.10896 -14.6042 -27.7217 -12.3472 14.0165 -51.4017 -90.7872 200.515 -152.25 60.7668 12.9618 -20.9017 9.05574 -51.5243 -7.22566 -49.6402 -8.78515 46.071 -3.98704 45.0576 -71.6487 -72.7943 140.045 -152.25 2318.88 -71.0703 -20.4443 13.6444 9.63188 -17.7034 -24.3125 -4.62609 20.7624 -20.2609 -18.3146 55.8933 -103.986 -106.179 4.21487 60.7668 -71.0703 307.141 70.5807 -13.1491 -11.9024 3.11919 -21.8195 -3.41796 15.7648 -9.01362 -18.0603 62.2456 -142.27 -24.1322 -45.8472 12.9618 -20.4443 70.5807 81.2992 2.95821 -11.228 -1.31451 -9.01446 8.03885 5.05312 4.24276 -13.0769 14.9083 -37.805 13.9031 5.27292 -20.9017 13.6444 -13.1491 2.95821 19.6598
390.016 -5.10302 80.049 -61.0342 -14.6656 -30.3787 42.074 -23.5496 17.1233 -60.9624 -98.9825 30.837 6.47452 71.4834 14.6612 -17.6288 -5.10302 67.2855 5.12111 5.48491 9.47404 -7.85175 44.5099 34.0122 68.8115 -10.9868 -12.1488 -24.9742 -66.9462 -25.058 4.39534 -8.1178 80.049 5.12111 67.4703 -15.4083 -23.0999 -4.99595 29.0945 -13.3768 30.6696 0.478286 38.1025 -37.2718 35.6741 -24.5984 -4.90574 1.0482 -61.0342 5.48491 -15.4083 40.4441 5.29988 13.1485 -6.78137 -4.5102 34.9995 24.0124 51.8415 -14.5035 -2.63557 -31.1611 -16.6947 10.4316 -14.6656 9.47404 -23.0999 5.29988 37.6645 -2.4702 6.19571 26.1232 13.0923 11.5384 -12.2595 6.3843 57.7405 -0.208634 7.49273 1.80934 -30.3787 -7.85175 -4.99595 13.1485 -2.4702 25.6456 -8.5975 -31.3633 22.2343 31.5865 40.6812 -24.411 58.5896 -28.5364 -24.8513 8.54487 42.074 44.5099 29.0945 -6.78137 6.19571 -8.5975 98.8763 -37.0489 149.733 -1.0582 19.9735 -44.7083 7.14365 -27.9231 -0.665529 -7.5844 -23.5496 34.0122 -13.3768 -4.5102 26.1232 -31.3633 -37.0489 820.573 -128.668 -76.8507 -163.962 178.015 285.898 215.714 25.2545 -5.43081 17.1233 68.8115 30.6696 34.9995 13.0923 22.2343 149.733 -128.668 870.175 35.3269 109.361 -102.052 -72.0259 -79.604 -58.203 -21.4413 -60.9624 -10.9868 0.478286 24.0124 11.5384 31.5865 -1.0582 -76.8507 35.3269 338.793 182.137 -179.641 471.929 -177.372 -41.0826 51.2318 -98.9825 -12.1488 38.1025 51.8415 -12.2595 40.6812 19.9735 -163.962 109.361 182.137 513.158 -241.798 283.352 -230.751 -74.7848 37.9516 30.837 -24.9742 -37.2718 -14.5035 6.3843 -24.411 -44.7083 178.015 -102.052 -179.641 -241.798 295.29 -216.867 224.977 38.5382 -21.0549 6.47452 -66.9462 35.6741 -2.63557 57.7405 58.5896 7.14365 285.898 -72.0259 471.929 283.352 -216.867 3531.03 -84.2682 -125.905 62.6238 71.4834 -25.058 -24.5984 -31.1611 -0.208634 -28.5364 -27.9231 215.714 -79.604 -177.372 -230.751 224.977 -84.2682 349.702 43.5028 -33.0777 14.6612 4.39534 -4.90574 -16.6947 7.49273 -24.8513 -0.665529 25.2545 -58.203 -41.0826 -74.7848 38.5382 -125.905 43.5028 89.621 -12.5277 -17.6288 -8.1178 1.0482 10.4316 1.80934 8.54487 -7.5844 -5.43081 -21.4413 51.2318 37.9516 -21.0549 62.6238 -33.0777 -12.5277 28.3041
384.84 -26.6323 90.0416 -64.7015 -3.70209 -25.5242 -32.8877 49.7274 108.389 66.9999 -61.4869 -6.98154 604.87 -23.723 19.2988 6.51951 -26.6323 56.8297 10.417 13.507 -3.51478 -12.7007 37.9546 7.84425 28.6085 -35.2476 -24.9736 -4.89075 -277.74 -10.7226 12.4084 -6.59776 90.0416 10.417 103.699 -17.2856 -14.0286 -17.7192 49.2561 -76.5802 107.359 5.23448 52.8068 -82.5955 18.2139 -83.7617 13.9663 6.11935 -64.7015 13.507 -17.2856 63.5639 -0.0173411 5.7595 8.24529 8.01361 4.91976 -0.0843885 12.357 5.90572 -195.99 11.127 -10.28 -5.12461 -3.70209 -3.51478 -14.0286 -0.0173411 31.6107 -5.31238 3.65195 26.4645 -23.3537 -4.26412 6.28412 0.0784294 46.3818 -9.93414 14.9412 3.99103 -25.5242 -12.7007 -17.7192 5.7595 -5.31238 31.2354 -26.7306 -25.6563 -24.6217 26.2909 28.4148 3.14908 35.0817 14.7957 -22.0186 1.19654 -32.8877 37.9546 49.2561 8.24529 3.65195 -26.7306 146.261 -13.0602 89.8686 -61.3794 29.1509 -61.2332 -169.194 -27.0888 28.024 -4.02291 49.7274 7.84425 -76.5802 8.01361 26.4645 -25.6563 -13.0602 759.202 -32.1953 -149.639 -271.258 205.884 296.627 229.243 50.7829 1.78168 108.389 28.6085 107.359 4.91976 -23.3537 -24.6217 89.8686 -32.1953 645.223 78.3825 11.0667 -161.067 131.5 -184.006 -48.704 8.43469 66.9999 -35.2476 5.23448 -0.0843885 -4.26412 26.2909 -61.3794 -149.639 78.3825 370.382 198.812 -133.21 533.865 -164.331 -48.2433 18.2496 -61.4869 -24.9736 52.8068 12.357 6.28412 28.4148 29.1509 -271.258 11.0667 198.812 650.032 -235.217 -74.8688 -168.566 -26.561 20.8627 -6.98154 -4.89075 -82.5955 5.90572 0.0784294 3.14908 -61.2332 205.884 -161.067 -133.21 -235.217 310.877 33.7998 235.051 15.6782 -5.24193 604.87 -277.74 18.2139 -195.99 46.3818 35.0817 -169.194 296.627 131.5 533.865 -74.8688 33.7998 4499.08 -132.029 -20.2004 93.5573 -23.723 -10.7226 -83.7617 11.127 -9.93414 14.7957 -27.0888 229.243 -184.006 -164.331 -168.566 235.051 -132.029 410.612 15.6233 -25.5111 19.2988 12.4084 13.9663 -10.28 14.9412 -22.0186 28.024 50.7829 -48.704 -48.2433 -26.561 15.6782 -20.2004 15.6233 80.7734 -2.70975 6.51951 -6.59776 6.11935 -5.12461 3.99103 1.19654 -4.02291 1.78168 8.43469 18.2496 20.8627 -5.24193 93.5573 -25.5111 -2.70975 20.1238
314.701 -36.2713 64.84 -33.9388 -4.71472 4.47143 -29.2177 19.9731 115.252 149.715 74.2834 -124.493 385.973 -73.4857 -11.0039 23.6856 -36.2713 48.6111 -13.0137 14.4484 -2.05837 -8.72207 14.2996 -11.1884 0.637238 -47.2815 -65.8255 21.3547 -211.342 34.3021 9.57594 -10.1603 64.84 -13.0137 97.8601 9.81029 -19.4471 7.1959 37.1607 -65.506 134.681 119.01 120.644 -118.264 111.896 -111.445 -20.2769 23.9582 -33.9388 14.4484 9.81029 59.9739 -7.12184 -4.25959 21.3573 -66.8558 45.7219 32.6113 12.614 -9.89763 -121.644 8.70757 -5.34853 -3.98678 -4.71472 -2.05837 -19.4471 -7.12184 24.9589 0.927971 -7.21484 11.962 -19.0896 -14.1908 -22.4995 8.61806 53.799 0.0206072 2.43797 -7.62166 4.47143 -8.72207 7.1959 -4.25959 0.927971 17.0067 0.989009 -3.51072 8.8034 20.8463 20.6526 -18.7887 74.7548 -28.9107 -12.5683 3.80542 -29.2177 14.2996 37.1607 21.3573 -7.21484 0.989009 97.2911 -79.0261 41.8662 -7.34504 65.2921 -51.972 -206.586 -37.2092 4.06703 -4.04626 19.9731 -11.1884 -65.506 -66.8558 11.962 -3.51072 -79.0261 530.671 -27.841 -93.7255 -167.419 138.854 495.321 94.915 -14.5729 22.4542 115.252 0.637238 134.681 45.7219 -19.0896 8.8034 41.8662 -27.841 994.555 349.549 99.2654 -287.331 483.017 -220.001 -88.9003 10.769 149.715 -47.2815 119.01 32.6113 -14.1908 20.8463 -7.34504 -93.7255 349.549 521.442 278.968 -297.767 606.624 -325.765 -80.7152 35.081 74.2834 -65.8255 120.644 12.614 -22.4995 20.6526 65.2921 -167.419 99.2654 278.968 705.387 -234.864 95.8809 -193.896 0.463064 31.7579 -124.493 21.3547 -118.264 -9.89763 8.61806 -18.7887 -51.972 138.854 -287.331 -297.767 -234.864 419.04 -308.093 258.671 46.3754 -11.7954 385.973 -211.342 111.896 -121.644 53.799 74.7548 -206.586 495.321 483.017 606.624 95.8809 -308.093 4159.86 -475.941 -173.836 87.2593 -73.4857 34.3021 -111.445 8.70757 0.0206072 -28.9107 -37.2092 94.915 -220.001 -325.765 -193.896 258.671 -475.941 491.678 84.8962 -45.803 -11.0039 9.57594 -20.2769 -5.34853 2.43797 -12.5683 4.06703 -14.5729 -88.9003 -80.7152 0.463064 46.3754 -173.836 84.8962 73.2668 -17.6476 23.6856 -10.1603 23.9582 -3.98678 -7.62166 3.80542 -4.04626 22.4542 10.769 35.081 31.7579 -11.7954 87.2593 -45.803 -17.6476 28.186
329.089 -37.5587 -7.54296 -51.8045 24.6407 -5.75448 -37.8381 28.4867 128.323 63.2068 -163.783 -42.4837 663.207 -21.2866 20.8424 -12.2418 -37.5587 38.6796 -0.832278 5.45668 -2.82711 -1.11681 13.0803 -10.4531 4.67915 -49.7144 -13.0958 20.539 -183.97 17.2906 1.92682 1.49892 -7.54296 -0.832278 67.1232 6.64135 -12.9708 -2.02519 11.8501 -28.9151 85.59 42.5823 29.8934 -56.9223 139.86 -37.8174 -2.57804 5.83361 -51.8045 5.45668 6.64135 53.6949 -5.93633 -0.132627 11.5954 -43.7131 -26.1928 42.8581 82.0821 -15.0823 -171.88 3.13223 -9.03145 -0.218075 24.6407 -2.82711 -12.9708 -5.93633 24.8394 2.88026 -4.9344 13.3646 32.5713 18.3765 -16.9464 -1.73313 88.1027 6.42748 -2.64084 -5.62462 -5.75448 -1.11681 -2.02519 -0.132627 2.88026 20.6844 -8.826 29.5718 0.166899 27.0916 26.333 -12.6447 98.2278 -3.35043 -12.3122 -0.241571 -37.8381 13.0803 11.8501 11.5954 -4.9344 -8.826 68.9429 -51.1607 42.6502 -26.2466 16.8799 -6.5689 -268.2 -21.3259 9.49564 -3.54585 28.4867 -10.4531 -28.9151 -43.7131 13.3646 29.5718 -51.1607 568.78 70.5207 15.9071 17.7743 -5.01564 870.199 115.08 -44.9689 14.962 128.323 4.67915 85.59 -26.1928 32.5713 0.166899 42.6502 70.5207 907.605 321.036 -167.72 -153.675 995.988 -139.48 -24.1882 -14.625 63.2068 -49.7144 42.5823 42.8581 18.3765 27.0916 -26.2466 15.9071 321.036 527.355 148.382 -158.006 979.608 -179.352 -46.9014 7.31102 -163.783 -13.0958 29.8934 82.0821 -16.9464 26.333 16.8799 17.7743 -167.72 148.382 563.843 -81.4287 -183.53 32.1785 -25.8342 17.7276 -42.4837 20.539 -56.9223 -15.0823 -1.73313 -12.6447 -6.5689 -5.01564 -153.675 -158.006 -81.4287 264.017 -603.168 67.3838 61.0916 -11.8816 663.207 -183.97 139.86 -171.88 88.1027 98.2278 -268.2 870.199 995.988 979.608 -183.53 -603.168 7915.66 -277.528 -168.464 35.0597 -21.2866 17.2906 -37.8174 3.13223 6.42748 -3.35043 -21.3259 115.08 -139.48 -179.352 32.1785 67.3838 -277.528 385.676 1.87857 -11.6301 20.8424 1.92682 -2.57804 -9.03145 -2.64084 -12.3122 9.49564 -44.9689 -24.1882 -46.9014 -25.8342 61.0916 -168.464 1.87857 78.2562 -22.3312 -12.2418 1.49892 5.83361 -0.218075 -5.62462 -0.241571 -3.54585 14.962 -14.625 7.31102 17.7276 -11.8816 35.0597 -11.6301 -22.3312 29.3998
571.076 -51.7703 -45.9998 -38.4787 57.8027 -14.2154 -92.4925 -9.1367 163.045 123.471 -191.7 -118.206 1378.83 35.4215 20.4183 -24.288 -51.7703 39.1646 -3.89926 -1.80324 -5.55411 -0.984356 12.894 -19.1737 -56.7958 -80.1773 -4.888 49.4769 -245.388 30.6496 4.8027 -2.60491 -45.9998 -3.89926 69.3539 -12.3436 -17.606 8.62209 18.3164 31.0495 46.5607 21.7359 36.7314 -50.1568 77.4002 -24.7528 9.0259 3.43761 -38.4787 -1.80324 -12.3436 89.3546 16.4933 -1.33111 12.1497 -70.6868 -53.8457 129.386 106.738 -50.9701 -101.014 -39.0191 -37.3601 6.98248 57.8027 -5.55411 -17.606 16.4933 45.8058 2.13307 -23.8898 -0.0837986 27.4613 62.0934 -12.0148 -19.9466 314.335 32.9338 -6.90061 -4.22405 -14.2154 -0.984356 8.62209 -1.33111 2.13307 24.9209 -6.94678 27.2345 56.5845 27.9962 10.4357 -11.0871 95.2322 -0.460793 -10.6822 -6.42795 -92.4925 12.894 18.3164 12.1497 -23.8898 -6.94678 87.0797 -113.756 -70.8446 -49.3855 72.2181 11.0294 -406.61 -53.2455 17.6712 0.216792 -9.1367 -19.1737 31.0495 -70.6868 -0.0837986 27.2345 -113.756 695.395 306.24 78.0206 -112.317 -12.5478 891.389 176.251 -50.3025 0.23023 163.045 -56.7958 46.5607 -53.8457 27.4613 56.5845 -70.8446 306.24 1166.04 352.559 -129.167 -180.368 1895.05 14.127 -27.8983 -59.7691 123.471 -80.1773 21.7359 129.386 62.0934 27.9962 -49.3855 78.0206 352.559 717.121 196.586 -316.948 1522.69 -236.611 -107.086 25.1631 -191.7 -4.888 36.7314 106.738 -12.0148 10.4357 72.2181 -112.317 -129.167 196.586 447.516 -118.459 -731.002 -155.932 -63.4726 13.3925 -118.206 49.4769 -50.1568 -50.9701 -19.9466 -11.0871 11.0294 -12.5478 -180.368 -316.948 -118.459 310.896 -754.581 65.9916 57.1536 -16.9132 1378.83 -245.388 77.4002 -101.014 314.335 95.2322 -406.61 891.389 1895.05 1522.69 -731.002 -754.581 11977 -206.287 -36.8993 -34.0043 35.4215 30.6496 -24.7528 -39.0191 32.9338 -0.460793 -53.2455 176.251 14.127 -236.611 -155.932 65.9916 -206.287 526.881 47.0561 -49.1624 20.4183 4.8027 9.0259 -37.3601 -6.90061 -10.6822 17.6712 -50.3025 -27.8983 -107.086 -63.4726 57.1536 -36.8993 47.0561 114.819 -25.5799 -24.288 -2.60491 3.43761 6.98248 -4.22405 -6.42795 0.216792 0.23023 -59.7691 25.1631 13.3925 -16.9132 -34.0043 -49.1624 -25.5799 38.797
418.159 -2.13752 1.41697 -34.2571 27.8271 -3.80254 -23.2501 -53.9009 130.357 58.6362 -123.671 -73.7548 1008.78 -18.7648 44.9491 -21.1926 -2.13752 23.6567 -1.52424 -1.36794 1.5301 -3.60394 13.2329 -20.9732 -4.08957 -18.4066 -16.8734 9.92839 -52.8524 5.26509 5.8702 -4.73303 1.41697 -1.52424 39.4588 -28.7254 -21.0772 11.2267 2.93499 31.1424 73.1197 -41.6972 -1.38026 -5.62646 -37.3261 34.4865 24.1761 -4.84899 -34.2571 -1.36794 -28.7254 105.147 19.6427 -13.0745 2.55588 -75.5147 -130.215 121.577 88.7397 -2.68602 -166.457 -39.8924 -32.374 4.15277 27.8271 1.5301 -21.0772 19.6427 41.1414 -5.7143 -10.661 -3.55078 -27.666 52.9748 -11.2868 -4.65664 251.255 -5.20082 -10.4135 4.514 -3.80254 -3.60394 11.2267 -13.0745 -5.7143 20.0586 -1.45014 8.8736 15.6927 -27.213 5.01832 -3.6934 -28.8018 21.8161 3.9017 -6.14808 -23.2501 13.2329 2.93499 2.55588 -10.661 -1.45014 70.6876 -51.1514 46.644 -24.7684 8.9065 -1.70256 -187.32 -36.6823 15.2955 -8.15247 -53.9009 -20.9732 31.1424 -75.5147 -3.55078 8.8736 -51.1514 515.746 237.03 -75.9823 -49.2114 -74.1358 386.84 110.006 -13.3018 20.5548 130.357 -4.08957 73.1197 -130.215 -27.666 15.6927 46.644 237.03 1168.34 -16.0075 -239.601 -154 895.111 120.767 87.7735 -39.855 58.6362 -18.4066 -41.6972 121.577 52.9748 -27.213 -24.7684 -75.9823 -16.0075 424.942 -2.95162 -71.6151 830.712 -19.6591 -21.8573 41.4193 -123.671 -16.8734 -1.38026 88.7397 -11.2868 5.01832 8.9065 -49.2114 -239.601 -2.95162 353.075 17.3973 -889.585 -26.1854 -38.3059 -8.38074 -73.7548 9.92839 -5.62646 -2.68602 -4.65664 -3.6934 -1.70256 -74.1358 -154 -71.6151 17.3973 167.596 -353.356 -0.766367 11.7918 -4.08636 1008.78 -52.8524 -37.3261 -166.457 251.255 -28.8018 -187.32 386.84 895.111 830.712 -889.585 -353.356 8587.05 -88.2601 123.226 133.621 -18.7648 5.26509 34.4865 -39.8924 -5.20082 21.8161 -36.6823 110.006 120.767 -19.6591 -26.1854 -0.766367 -88.2601 376.213 18.6442 -13.7267 44.9491 5.8702 24.1761 -32.374 -10.4135 3.9017 15.2955 -13.3018 87.7735 -21.8573 -38.3059 11.7918 123.226 18.6442 70.739 -17.6306 -21.1926 -4.73303 -4.84899 4.15277 4.514 -6.14808 -8.15247 20.5548 -39.855 41.4193 -8.38074 -4.08636 133.621 -13.7267 -17.6306 37.5494
698.526 14.6312 -11.5312 -76.3847 104.514 4.50867 -45.3493 -116.466 207.088 114.262 -238.222 -134.061 2095.17 -74.2422 97.3539 -12.4533 14.6312 29.6618 -4.35814 -3.78084 -2.45497 2.42474 7.00108 1.38757 5.69151 -20.1929 -10.8369 -8.66819 53.7312 -3.73027 -0.327286 -3.8593 -11.5312 -4.35814 41.1581 -28.869 -24.9628 18.3891 -11.7333 59.4735 61.8641 -11.2332 16.3357 -39.9796 -37.6388 31.097 4.37377 -8.08491 -76.3847 -3.78084 -28.869 112.24 17.1876 -30.7385 -0.841655 -78.2087 -244.184 113.115 106.46 41.8343 -433.659 -131.114 -67.2372 16.5512 104.514 -2.45497 -24.9628 17.1876 62.3396 -14.854 -22.2517 -67.1129 -76.2825 58.3494 -22.6541 31.4993 285.543 -30.6249 2.54882 6.714 4.50867 2.42474 18.3891 -30.7385 -14.854 30.464 -6.04702 22.6122 70.9742 -23.5758 -8.95466 -23.5864 84.4287 46.9656 9.50819 -6.42832 -45.3493 7.00108 -11.7333 -0.841655 -22.2517 -6.04702 113.256 35.5709 179.479 -57.6542 -33.1101 -18.5998 -138.982 10.4688 12.2338 -2.30253 -116.466 1.38757 59.4735 -78.2087 -67.1129 22.6122 35.5709 436.206 375.699 -111.135 -8.92201 -117.229 -199.708 100.449 16.8384 10.0615 207.088 5.69151 61.8641 -244.184 -76.2825 70.9742 179.479 375.699 1958.59 -97.2533 -529.164 -428.715 1770.12 343.985 198.789 -58.0335 114.262 -20.1929 -11.2332 113.115 58.3494 -23.5758 -57.6542 -111.135 -97.2533 514.814 17.2031 -46.4165 600.669 -230.926 -47.1977 23.9396 -238.222 -10.8369 16.3357 106.46 -22.6541 -8.95466 -33.1101 -8.92201 -529.164 17.2031 437.555 94.843 -1586.03 -106.501 -137.604 5.4534 -134.061 -8.66819 -39.9796 41.8343 31.4993 -23.5864 -18.5998 -117.229 -428.715 -46.4165 94.843 300.341 -511.211 10.2658 -11.6427 21.488 2095.17 53.7312 -37.6388 -433.659 285.543 84.4287 -138.982 -199.708 1770.12 600.669 -1586.03 -511.211 11898.2 105.261 629.242 48.5107 -74.2422 -3.73027 31.097 -131.114 -30.6249 46.9656 10.4688 100.449 343.985 -230.926 -106.501 10.2658 105.261 484.43 85.4547 -27.2255 97.3539 -0.327286 4.37377 -67.2372 2.54882 9.50819 12.2338 16.8384 198.789 -47.1977 -137.604 -11.6427 629.242 85.4547 105.562 -7.86408 -12.4533 -3.8593 -8.08491 16.5512 6.714 -6.42832 -2.30253 10.0615 -58.0335 23.9396 5.4534 21.488 48.5107 -27.2255 -7.86408 28.8804
802.079 -17.3421 6.29082 -135.432 48.9734 1.94275 32.769 -329.33 452.145 39.6299 -248.883 -74.1714 1910.32 21.5493 113.773 -30.6538 -17.3421 33.6126 3.50664 -8.93487 -12.2942 5.76724 3.46405 21.4353 39.6071 -42.1382 -16.8167 -13.3536 -28.9012 6.22634 -5.61304 0.711619 6.29082 3.50664 28.8357 -8.03127 -14.9756 4.38348 -9.05812 51.4721 69.1932 -6.13825 -3.126 -51.873 41.7596 14.5378 10.4911 -5.09883 -135.432 -8.93487 -8.03127 73.5677 8.57509 -10.3098 -12.9812 54.7873 -217.805 76.6601 112.077 26.1884 -440.006 -57.5603 -39.1965 10.9703 48.9734 -12.2942 -14.9756 8.57509 60.693 -5.32033 -15.4737 -48.1342 -96.4782 72.0424 38.1208 53.0704 3.3777 -37.4936 -11.7664 -0.196246 1.94275 5.76724 4.38348 -10.3098 -5.32033 17.8307 -13.8929 15.0985 40.9474 -4.2899 -10.6545 -24.0949 81.4293 0.0878371 0.947349 0.361525 32.769 3.46405 -9.05812 -12.9812 -15.4737 -13.8929 156.618 -32.0914 148.982 -101.361 -72.7066 21.6139 -87.7558 22.0307 2.23545 3.31489 -329.33 21.4353 51.4721 54.7873 -48.1342 15.0985 -32.0914 703.299 -30.6121 -81.7566 216.099 -81.8156 -1088.57 16.0433 -66.0198 15.5432 452.145 39.6071 69.1932 -217.805 -96.4782 40.9474 148.982 -30.6121 1875.78 -396.245 -588.198 -363.567 1724.4 269.212 101.454 -57.0209 39.6299 -42.1382 -6.13825 76.6601 72.0424 -4.2899 -101.361 -81.7566 -396.245 497.575 124.371 1.61638 382.865 -150.07 3.47702 2.61145 -248.883 -16.8167 -3.126 112.077 38.1208 -10.6545 -72.7066 216.099 -588.198 124.371 488.064 88.3045 -1250.68 -135.63 -95.1581 11.6799 -74.1714 -13.3536 -51.873 26.1884 53.0704 -24.0949 21.6139 -81.8156 -363.567 1.61638 88.3045 320.229 -543.852 -38.2178 -28.4609 26.0465 1910.32 -28.9012 41.7596 -440.006 3.3777 81.4293 -87.7558 -1088.57 1724.4 382.865 -1250.68 -543.852 8255.97 201.321 496.023 -80.2754 21.5493 6.22634 14.5378 -57.5603 -37.4936 0.0878371 22.0307 16.0433 269.212 -150.07 -135.63 -38.2178 201.321 262.849 30.186 -11.8128 113.773 -5.61304 10.4911 -39.1965 -11.7664 0.947349 2.23545 -66.0198 101.454 3.47702 -95.1581 -28.4609 496.023 30.186 100.61 -13.3098 -30.6538 0.711619 -5.09883 10.9703 -0.196246 0.361525 3.31489 15.5432 -57.0209 2.61145 11.6799 26.0465 -80.2754 -11.8128 -13.3098 23.2694
691.659 31.3675 39.0465 -53.145 60.1459 5.63717 -57.1679 -244.071 15.8248 203.249 -55.2288 -277.401 1423.37 74.0167 160.334 -3.16774 31.3675 35.5429 5.99485 -7.75349 18.1002 2.16554 0.462546 42.9575 37.858 -11.7619 -25.1234 -20.9608 22.9119 8.47058 9.95457 -1.41649 39.0465 5.99485 33.4366 -1.46433 -2.03327 -8.9023 -3.89727 73.4433 -3.8148 -2.00063 12.3466 -30.0523 -122.637 10.5434 6.17449 -3.6362 -53.145 -7.75349 -1.46433 38.7888 -6.64781 -8.77038 15.1012 -13.561 -38.8082 44.0675 7.92184 8.97928 -144.335 -1.34986 -12.5992 1.89162 60.1459 18.1002 -2.03327 -6.64781 57.4808 6.59849 -21.6998 3.70864 -13.8678 16.5129 -16.6655 15.464 79.9224 12.501 4.0157 2.5252 5.63717 2.16554 -8.9023 -8.77038 6.59849 21.4839 -11.8089 -24.3697 17.4865 -11.9556 -14.549 1.42157 136.573 -18.5158 -2.81719 -2.53979 -57.1679 0.462546 -3.89727 15.1012 -21.6998 -11.8089 120.413 17.8492 166.649 -23.7449 -18.1059 -3.20795 -100.639 22.4623 -42.108 9.22817 -244.071 42.9575 73.4433 -13.561 3.70864 -24.3697 17.8492 1077.42 338.373 -348.045 -49.4216 0.513982 -1448.25 84.5542 -117.849 -22.912 15.8248 37.858 -3.8148 -38.8082 -13.8678 17.4865 166.649 338.373 1605.68 -312.938 -389.296 -164.197 843.735 166.606 -48.4938 -13.48 203.249 -11.7619 -2.00063 44.0675 16.5129 -11.9556 -23.7449 -348.045 -312.938 420.51 73.8612 -80.2336 551.269 -5.03431 77.6992 3.7691 -55.2288 -25.1234 12.3466 7.92184 -16.6655 -14.549 -18.1059 -49.4216 -389.296 73.8612 433.584 33.7616 -875.416 -35.2865 -39.582 15.8496 -277.401 -20.9608 -30.0523 8.97928 15.464 1.42157 -3.20795 0.513982 -164.197 -80.2336 33.7616 475.347 -700.333 -123.498 -119.054 17.8474 1423.37 22.9119 -122.637 -144.335 79.9224 136.573 -100.639 -1448.25 843.735 551.269 -875.416 -700.333 7704.07 126.364 545.053 -21.8053 74.0167 8.47058 10.5434 -1.34986 12.501 -18.5158 22.4623 84.5542 166.606 -5.03431 -35.2865 -123.498 126.364 257.682 44.5839 -7.21006 160.334 9.95457 6.17449 -12.5992 4.0157 -2.81719 -42.108 -117.849 -48.4938 77.6992 -39.582 -119.054 545.053 44.5839 130.776 -11.9088 -3.16774 -1.41649 -3.6362 1.89162 2.5252 -2.53979 9.22817 -22.912 -13.48 3.7691 15.8496 17.8474 -21.8053 -7.21006 -11.9088 21.1118
645.273 20.5662 42.57 30.6522 38.7523 -7.6081 -70.044 -301.256 -83.19 331.926 -52.5367 -259.971 1269.07 84.8616 170.566 5.36028 20.5662 40.9184 3.68227 18.0688 2.15641 -6.08168 18.7133 14.7191 -8.90323 28.9724 -33.217 -10.222 -3.17567 9.93601 12.3155 -5.25868 42.57 3.68227 33.9258 9.71614 -3.27288 -15.5973 6.57582 92.9324 -22.2876 4.27561 -17.0801 -45.9783 -152.439 15.2813 -1.61261 8.27009 30.6522 18.0688 9.71614 53.7427 -1.16262 -20.8606 42.4465 2.98568 -0.663833 33.1032 -34.5165 -35.3909 -28.6273 41.325 16.4604 3.45507 38.7523 2.15641 -3.27288 -1.16262 61.8893 11.1538 -41.3361 5.9747 -81.1086 -10.3735 -16.7745 69.5319 -4.75488 -3.73697 -37.4219 15.6488 -7.6081 -6.08168 -15.5973 -20.8606 11.1538 32.181 -37.2263 -51.9489 2.71237 -4.74684 -0.519016 22.65 143.845 -42.267 -5.03319 -3.63674 -70.044 18.7133 6.57582 42.4465 -41.3361 -37.2263 154.084 67.5393 127.857 -23.6843 16.6499 -61.8342 -303.406 67.9189 7.6048 -6.90329 -301.256 14.7191 92.9324 2.98568 5.9747 -51.9489 67.5393 1367.91 -92.8305 -475.756 -53.6219 162.423 -2161.32 -25.317 -314.306 -4.73993 -83.19 -8.90323 -22.2876 -0.663833 -81.1086 2.71237 127.857 -92.8305 913.922 -142.14 8.02584 -91.1461 186.588 -28.5646 -24.4302 -6.18373 331.926 28.9724 4.27561 33.1032 -10.3735 -4.74684 -23.6843 -475.756 -142.14 673.205 -62.9317 -354.627 1312.84 102.352 309.179 -28.5823 -52.5367 -33.217 -17.0801 -34.5165 -16.7745 -0.519016 16.6499 -53.6219 8.02584 -62.9317 387.621 17.3296 -344.949 26.3922 -52.22 17.063 -259.971 -10.222 -45.9783 -35.3909 69.5319 22.65 -61.8342 162.423 -91.1461 -354.627 17.3296 647.456 -538.512 -125.289 -258.817 31.0059 1269.07 -3.17567 -152.439 -28.6273 -4.75488 143.845 -303.406 -2161.32 186.588 1312.84 -344.949 -538.512 7454.8 -114.842 795.192 -122.8 84.8616 9.93601 15.2813 41.325 -3.73697 -42.267 67.9189 -25.317 -28.5646 102.352 26.3922 -125.289 -114.842 238.997 64.1771 0.819346 170.566 12.3155 -1.61261 16.4604 -37.4219 -5.03319 7.6048 -314.306 -24.4302 309.179 -52.22 -258.817 795.192 64.1771 246.293 -24.4956 5.36028 -5.25868 8.27009 3.45507 15.6488 -3.63674 -6.90329 -4.73993 -6.18373 -28.5823 17.063 31.0059 -122.8 0.819346 -24.4956 36.9596
