4.28215 0.277648 -2.01805 -0.434512 1.30523 1.28495 -1.26954 -1.58514 0.0961257 0.0411123 0.13008 -0.247083 0.0204141 -0.0197209 1.57745 -4.58469 0.277648 4.38922 0.0617307 -1.53892 0.409683 -0.233559 -4.1826 -0.570585 0.15778 -0.229427 -0.00171678 -0.514469 -0.197316 -0.195517 0.645136 0.638268 -2.01805 0.0617307 7.67181 -0.871931 -1.3107 -5.60352 1.36007 -0.0566105 -0.104591 -0.446926 -0.250162 -0.389564 -0.0130211 -0.302604 -2.55409 3.55707 -0.434512 -1.53892 -0.871931 3.04444 0.0484135 2.01255 1.04649 -0.284844 0.0559541 0.505526 -0.141302 0.031862 -0.106862 -0.182656 1.73482 -2.28616 1.30523 0.409683 -1.3107 0.0484135 2.55287 -0.440663 -0.875017 -1.32566 0.171305 -0.425711 0.0511272 0.122862 -0.0370951 -0.272003 0.984269 -1.51809 1.28495 -0.233559 -5.60352 2.01255 -0.440663 31.1057 -1.13141 -1.03489 0.284373 0.578821 -0.282176 -0.317104 -0.172644 -0.0376209 6.53921 -32.307 -1.26954 -4.1826 1.36007 1.04649 -0.875017 -1.13141 6.11662 0.734972 -0.296525 -0.391724 0.102525 -0.339835 0.388396 0.315574 -2.26704 1.77035 -1.58514 -0.570585 -0.0566105 -0.284844 -1.32566 -1.03489 0.734972 5.20594 -0.440318 0.786208 -0.161211 -0.25738 -0.0154972 -0.119627 -0.902437 0.864551 0.0961257 0.15778 -0.104591 0.0559541 0.171305 0.284373 -0.296525 -0.440318 1.01998 -0.0939125 0.0202387 0.127796 -0.0220672 -0.235686 0.358203 -0.444028 0.0411123 -0.229427 -0.446926 0.505526 -0.425711 0.578821 -0.391724 0.786208 -0.0939125 2.45598 0.0361985 0.155504 -0.279736 -0.137095 -0.0884558 -0.173433 0.13008 -0.00171678 -0.250162 -0.141302 0.0511272 -0.282176 0.102525 -0.161211 0.0202387 0.0361985 0.47158 -0.0258751 -0.0997338 -0.0898053 -0.345663 0.775954 -0.247083 -0.514469 -0.389564 0.031862 0.122862 -0.317104 -0.339835 -0.25738 0.127796 0.155504 -0.0258751 1.68266 -0.113883 0.198141 0.0196987 0.419875 0.0204141 -0.197316 -0.0130211 -0.106862 -0.0370951 -0.172644 0.388396 -0.0154972 -0.0220672 -0.279736 -0.0997338 -0.113883 0.390831 -0.00022005 -0.252501 0.339796 -0.0197209 -0.195517 -0.302604 -0.182656 -0.272003 -0.0376209 0.315574 -0.119627 -0.235686 -0.137095 -0.0898053 0.198141 -0.00022005 0.840508 -0.154714 0.498694 1.57745 0.645136 -2.55409 1.73482 0.984269 6.53921 -2.26704 -0.902437 0.358203 -0.0884558 -0.345663 0.0196987 -0.252501 -0.154714 10.5305 -15.5723 -4.58469 0.638268 3.55707 -2.28616 -1.51809 -32.307 1.77035 0.864551 -0.444028 -0.173433 0.775954 0.419875 0.339796 0.498694 -15.5723 49.8954
4.31524 0.292105 -1.85614 -0.399187 1.35895 1.07864 -1.26003 -1.46718 0.0109712 -0.00724334 0.218527 -0.278263 -0.116513 -0.084061 1.94811 -4.94247 0.292105 4.08419 -0.204372 -1.4434 0.435587 -0.311055 -3.75902 -0.512381 0.0960492 0.0300094 0.0717463 -0.526271 -0.19504 -0.104106 0.650301 0.623252 -1.85614 -0.204372 7.58608 -0.838986 -1.46035 -4.8568 1.2272 -0.699568 0.0477463 -0.521279 -0.251479 0.000638394 0.0309207 -0.139851 -2.8905 3.56798 -0.399187 -1.4434 -0.838986 2.98556 0.167139 2.03264 0.840767 -0.247345 0.02084 0.353405 -0.20755 0.0221016 -0.0737496 -0.294005 1.77963 -2.37158 1.35895 0.435587 -1.46035 0.167139 2.70057 -0.168032 -0.970413 -1.08439 0.241286 -0.48812 0.129148 0.147643 -0.145716 -0.37636 1.7115 -2.55934 1.07864 -0.311055 -4.8568 2.03264 -0.168032 31.9784 -1.13722 -0.354913 0.764172 0.739632 -0.32352 -0.451385 -0.217382 -0.796534 5.71964 -33.2461 -1.26003 -3.75902 1.2272 0.840767 -0.970413 -1.13722 5.60505 0.729899 -0.178735 -0.568576 0.0636843 -0.333451 0.382339 0.372587 -2.1853 2.04053 -1.46718 -0.512381 -0.699568 -0.247345 -1.08439 -0.354913 0.729899 5.22544 -0.393338 0.641021 -0.130651 -0.290967 0.0100118 -0.13815 -0.524896 -0.0285482 0.0109712 0.0960492 0.0477463 0.02084 0.241286 0.764172 -0.178735 -0.393338 1.01613 -0.277019 0.00957838 0.117369 -0.0426867 -0.296016 0.438599 -1.19827 -0.00724334 0.0300094 -0.521279 0.353405 -0.48812 0.739632 -0.568576 0.641021 -0.277019 2.58421 0.0151903 -0.000983273 -0.185797 -0.0498201 -0.0830502 0.0294125 0.218527 0.0717463 -0.251479 -0.20755 0.129148 -0.32352 0.0636843 -0.130651 0.00957838 0.0151903 0.472489 -0.0302315 -0.117817 -0.0886097 -0.237909 0.571393 -0.278263 -0.526271 0.000638394 0.0221016 0.147643 -0.451385 -0.333451 -0.290967 0.117369 -0.000983273 -0.0302315 1.7422 -0.111793 0.0916683 0.0381485 0.235317 -0.116513 -0.19504 0.0309207 -0.0737496 -0.145716 -0.217382 0.382339 0.0100118 -0.0426867 -0.185797 -0.117817 -0.111793 0.363749 0.0508422 -0.394715 0.672616 -0.084061 -0.104106 -0.139851 -0.294005 -0.37636 -0.796534 0.372587 -0.13815 -0.296016 -0.0498201 -0.0886097 0.0916683 0.0508422 0.913277 -0.603618 1.657 1.94811 0.650301 -2.8905 1.77963 1.7115 5.71964 -2.1853 -0.524896 0.438599 -0.0830502 -0.237909 0.0381485 -0.394715 -0.603618 11.6191 -16.628 -4.94247 0.623252 3.56798 -2.37158 -2.55934 -33.2461 2.04053 -0.0285482 -1.19827 0.0294125 0.571393 0.235317 0.672616 1.657 -16.628 53.2284
4.65655 -0.253231 -2.11536 0.0755476 1.37922 2.20458 -1.03661 -1.4355 0.107643 0.279868 0.26607 -0.188575 -0.246926 -0.17342 2.57386 -6.87027 -0.253231 3.88712 0.186049 -1.26393 0.295927 -0.336075 -3.45919 -0.874871 0.165235 -0.0246361 -0.0798576 -0.437652 -0.0237562 -0.130925 0.35693 1.38265 -2.11536 0.186049 8.03161 -1.0081 -1.50763 -5.71951 0.762273 -0.53735 -0.0234136 -0.738446 -0.303943 -0.079082 0.0315145 -0.0168268 -2.79532 4.17281 0.0755476 -1.26393 -1.0081 2.72168 0.0767805 1.62965 0.79753 -0.354234 0.0638388 0.370703 -0.0876045 -0.0965547 -0.110498 -0.226525 1.4344 -1.69933 1.37922 0.295927 -1.50763 0.0767805 2.61326 0.476654 -0.792462 -1.25119 0.297056 -0.418236 0.206317 0.157561 -0.134463 -0.420134 1.75081 -3.03211 2.20458 -0.336075 -5.71951 1.62965 0.476654 33.637 -1.32889 -1.25533 0.606067 1.02455 -0.261169 0.168638 -0.319258 -0.844934 5.13881 -34.8133 -1.03661 -3.45919 0.762273 0.79753 -0.792462 -1.32889 5.43214 1.11023 -0.252085 -0.513666 0.157148 -0.567 0.296184 0.279502 -2.11834 2.1161 -1.4355 -0.874871 -0.53735 -0.354234 -1.25119 -1.25533 1.11023 5.70726 -0.497378 0.635949 -0.0956552 -0.344004 -0.0265334 -0.0604678 -1.11274 0.869619 0.107643 0.165235 -0.0234136 0.0638388 0.297056 0.606067 -0.252085 -0.497378 0.956891 -0.259402 0.0155889 0.126548 -0.0235989 -0.281018 0.296359 -0.864352 0.279868 -0.0246361 -0.738446 0.370703 -0.418236 1.02455 -0.513666 0.635949 -0.259402 2.46721 0.0619794 -0.0168434 -0.16766 -0.0755673 0.00755687 -0.585166 0.26607 -0.0798576 -0.303943 -0.0876045 0.206317 -0.261169 0.157148 -0.0956552 0.0155889 0.0619794 0.509974 -0.0025285 -0.151244 -0.163684 0.0772 0.101179 -0.188575 -0.437652 -0.079082 -0.0965547 0.157561 0.168638 -0.567 -0.344004 0.126548 -0.0168434 -0.0025285 1.87253 -0.147691 0.123175 0.287333 -0.565813 -0.246926 -0.0237562 0.0315145 -0.110498 -0.134463 -0.319258 0.296184 -0.0265334 -0.0235989 -0.16766 -0.151244 -0.147691 0.373924 0.0761821 -0.515176 1.04894 -0.17342 -0.130925 -0.0168268 -0.226525 -0.420134 -0.844934 0.279502 -0.0604678 -0.281018 -0.0755673 -0.163684 0.123175 0.0761821 0.825064 -0.582925 1.71003 2.57386 0.35693 -2.79532 1.4344 1.75081 5.13881 -2.11834 -1.11274 0.296359 0.00755687 0.0772 0.287333 -0.515176 -0.582925 11.2284 -15.9021 -6.87027 1.38265 4.17281 -1.69933 -3.03211 -34.8133 2.1161 0.869619 -0.864352 -0.585166 0.101179 -0.565813 1.04894 1.71003 -15.9021 55.3786
4.43145 -0.474375 -2.0573 0.383004 1.04981 1.91187 -0.863721 -1.09944 -0.0524315 0.292996 0.269465 -0.251128 -0.201259 -0.190154 2.90004 -6.62766 -0.474375 4.21656 0.088389 -1.01937 0.252076 0.0665215 -3.72899 -0.902667 0.0427846 0.0652358 -0.098188 -0.438685 -0.0107414 -0.0158788 0.567267 1.05758 -2.0573 0.088389 8.72821 -1.13093 -2.23715 -6.3283 0.776496 -0.200528 0.00475017 -0.383325 -0.506433 0.0220786 -0.136818 0.314095 -2.70395 4.06778 0.383004 -1.01937 -1.13093 2.58728 0.290145 2.16754 0.376785 -0.661291 0.108382 0.428589 -0.0702663 -0.149337 -0.099078 -0.250192 1.57514 -2.33002 1.04981 0.252076 -2.23715 0.290145 2.61586 -0.1597 -0.637616 -1.03843 0.176871 -0.4924 0.199465 0.0544995 -0.0018069 -0.41428 1.63212 -1.39524 1.91187 0.0665215 -6.3283 2.16754 -0.1597 33.9474 -1.34131 -1.16616 0.270103 1.59567 0.0879298 -0.464047 -0.407534 -0.713495 5.56672 -34.0042 -0.863721 -3.72899 0.776496 0.376785 -0.637616 -1.34131 5.5482 1.20563 -0.078527 -0.570879 0.113243 -0.542364 0.236964 0.146113 -2.36696 2.00335 -1.09944 -0.902667 -0.200528 -0.661291 -1.03843 -1.16616 1.20563 5.07858 -0.162105 0.433739 -0.00411102 -0.238538 0.0126042 -0.186601 -1.42545 0.647371 -0.0524315 0.0427846 0.00475017 0.108382 0.176871 0.270103 -0.078527 -0.162105 0.953336 -0.28847 -0.0494743 0.00473177 -0.0157954 -0.187869 0.102641 -0.412463 0.292996 0.0652358 -0.383325 0.428589 -0.4924 1.59567 -0.570879 0.433739 -0.28847 2.7085 0.0773893 -0.0319834 -0.126842 -0.238267 0.151345 -1.40868 0.269465 -0.098188 -0.506433 -0.0702663 0.199465 0.0879298 0.113243 -0.00411102 -0.0494743 0.0773893 0.47959 -0.00994272 -0.119835 -0.200425 0.232927 -0.209951 -0.251128 -0.438685 0.0220786 -0.149337 0.0544995 -0.464047 -0.542364 -0.238538 0.00473177 -0.0319834 -0.00994272 1.90263 -0.099419 0.141061 0.124839 0.249826 -0.201259 -0.0107414 -0.136818 -0.099078 -0.0018069 -0.407534 0.236964 0.0126042 -0.0157954 -0.126842 -0.119835 -0.099419 0.343471 0.0330956 -0.395536 1.03462 -0.190154 -0.0158788 0.314095 -0.250192 -0.41428 -0.713495 0.146113 -0.186601 -0.187869 -0.238267 -0.200425 0.141061 0.0330956 0.808769 -0.559351 1.40843 2.90004 0.567267 -2.70395 1.57514 1.63212 5.56672 -2.36696 -1.42545 0.102641 0.151345 0.232927 0.124839 -0.395536 -0.559351 11.5948 -16.5972 -6.62766 1.05758 4.06778 -2.33002 -1.39524 -34.0042 2.00335 0.647371 -0.412463 -1.40868 -0.209951 0.249826 1.03462 1.40843 -16.5972 53.8098
4.3258 -0.148612 -2.08679 0.300657 1.15534 1.92616 -1.3376 -1.40714 -0.0219426 0.218117 0.237154 -0.189846 -0.217887 -0.13828 3.094 -6.50498 -0.148612 4.68115 -0.298292 -1.24305 0.154699 0.577901 -4.21798 -0.909449 0.148993 -0.207208 -0.137658 -0.494754 0.012058 0.0783264 0.663829 0.658757 -2.08679 -0.298292 8.86882 -1.02495 -2.40755 -5.03354 1.07401 0.249398 -0.0236867 0.280064 -0.592473 -0.108667 -0.0596252 0.251729 -3.92301 3.81763 0.300657 -1.24305 -1.02495 2.64383 0.187992 1.87509 0.663744 -0.672964 0.00614426 0.368455 -0.000609779 -0.071591 -0.120146 -0.20344 1.2714 -1.87707 1.15534 0.154699 -2.40755 0.187992 2.91084 -0.613148 -0.851708 -0.89577 0.192509 -0.571494 0.230522 0.224374 -0.0338488 -0.466368 1.7574 -1.34206 1.92616 0.577901 -5.03354 1.87509 -0.613148 34.0707 -1.08529 -2.34084 0.18379 1.29512 -0.173881 -0.636922 -0.345053 -0.411295 5.09243 -34.1577 -1.3376 -4.21798 1.07401 0.663744 -0.851708 -1.08529 6.08569 1.33999 -0.247407 -0.0321499 0.146675 -0.391104 0.213178 0.0883917 -2.34242 1.86214 -1.40714 -0.909449 0.249398 -0.672964 -0.89577 -2.34084 1.33999 5.39886 -0.269767 0.485137 -0.027005 -0.284097 0.0532989 -0.406864 -1.17229 1.14431 -0.0219426 0.148993 -0.0236867 0.00614426 0.192509 0.18379 -0.247407 -0.269767 0.969359 -0.279772 0.0137633 0.0108453 0.0222804 -0.191515 0.279787 -0.420173 0.218117 -0.207208 0.280064 0.368455 -0.571494 1.29512 -0.0321499 0.485137 -0.279772 2.60003 0.0161641 -0.205187 -0.112531 -0.211798 -0.347026 -1.27355 0.237154 -0.137658 -0.592473 -0.000609779 0.230522 -0.173881 0.146675 -0.027005 0.0137633 0.0161641 0.485379 -0.0204013 -0.117747 -0.215356 0.132032 0.245267 -0.189846 -0.494754 -0.108667 -0.071591 0.224374 -0.636922 -0.391104 -0.284097 0.0108453 -0.205187 -0.0204013 1.78816 -0.0664486 0.154567 -0.0430762 0.511789 -0.217887 0.012058 -0.0596252 -0.120146 -0.0338488 -0.345053 0.213178 0.0532989 0.0222804 -0.112531 -0.117747 -0.0664486 0.343505 0.0456422 -0.282072 0.779643 -0.13828 0.0783264 0.251729 -0.20344 -0.466368 -0.411295 0.0883917 -0.406864 -0.191515 -0.211798 -0.215356 0.154567 0.0456422 0.807228 -0.375853 1.15685 3.094 0.663829 -3.92301 1.2714 1.7574 5.09243 -2.34242 -1.17229 0.279787 -0.347026 0.132032 -0.0430762 -0.282072 -0.375853 11.1673 -15.1145 -6.50498 0.658757 3.81763 -1.87707 -1.34206 -34.1577 1.86214 1.14431 -0.420173 -1.27355 0.245267 0.511789 0.779643 1.15685 -15.1145 52.5598
4.46046 -0.236078 -1.99351 0.128198 1.08378 2.65131 -1.36254 -1.50443 -0.0174228 0.0799626 0.241993 -0.0452772 -0.162684 -0.210512 2.49614 -6.70253 -0.236078 4.31029 0.153505 -1.44634 0.0620102 -0.891781 -3.79267 -0.646163 0.211181 -0.226984 -0.0673761 -0.210258 0.00336264 0.162979 0.352342 1.70715 -1.99351 0.153505 7.84534 -1.09241 -1.95949 -6.15855 0.598295 0.655852 -0.0902691 0.0675388 -0.560386 -0.156642 -0.0863556 0.223287 -3.32668 4.69001 0.128198 -1.44634 -1.09241 2.92553 -0.0376805 1.69672 0.896922 -0.648322 0.0397623 0.287072 0.0246794 -0.149645 -0.0407093 -0.155023 0.838265 -0.82325 1.08378 0.0620102 -1.95949 -0.0376805 2.59865 -0.597065 -0.80698 -0.778222 0.114852 -0.491664 0.157194 0.315866 -0.00751608 -0.366346 1.35126 -1.27379 2.65131 -0.891781 -6.15855 1.69672 -0.597065 34.9254 0.44749 -1.38869 0.465488 0.25311 -0.0350191 -0.845032 -0.169715 -0.546268 5.72632 -35.9102 -1.36254 -3.79267 0.598295 0.896922 -0.80698 0.44749 5.63479 0.955762 -0.199006 0.108701 0.0270774 -0.670142 0.244161 0.102325 -1.8209 0.717194 -1.50443 -0.646163 0.655852 -0.648322 -0.778222 -1.38869 0.955762 5.00047 -0.347478 0.593239 -0.124603 -0.319247 -0.0636798 -0.372606 -1.28435 0.377877 -0.0174228 0.211181 -0.0902691 0.0397623 0.114852 0.465488 -0.199006 -0.347478 1.01323 -0.387606 -0.0106256 -0.0396058 0.0186715 -0.141179 0.466306 -0.697387 0.0799626 -0.226984 0.0675388 0.287072 -0.491664 0.25311 0.108701 0.593239 -0.387606 2.31968 0.0123775 -0.192999 -0.0909228 -0.107067 -0.456214 0.0209222 0.241993 -0.0673761 -0.560386 0.0246794 0.157194 -0.0350191 0.0270774 -0.124603 -0.0106256 0.0123775 0.431058 0.0729249 -0.129866 -0.14696 0.302132 0.014899 -0.0452772 -0.210258 -0.156642 -0.149645 0.315866 -0.845032 -0.670142 -0.319247 -0.0396058 -0.192999 0.0729249 1.68774 -0.134016 0.0885372 0.204679 0.507478 -0.162684 0.00336264 -0.0863556 -0.0407093 -0.00751608 -0.169715 0.244161 -0.0636798 0.0186715 -0.0909228 -0.129866 -0.134016 0.3144 0.0659896 -0.251544 0.616489 -0.210512 0.162979 0.223287 -0.155023 -0.366346 -0.546268 0.102325 -0.372606 -0.141179 -0.107067 -0.14696 0.0885372 0.0659896 0.639601 -0.206647 1.15536 2.49614 0.352342 -3.32668 0.838265 1.35126 5.72632 -1.8209 -1.28435 0.466306 -0.456214 0.302132 0.204679 -0.251544 -0.206647 10.258 -14.5997 -6.70253 1.70715 4.69001 -0.82325 -1.27379 -35.9102 0.717194 0.377877 -0.697387 0.0209222 0.014899 0.507478 0.616489 1.15536 -14.5997 53.4997
4.34385 -0.0282865 -2.29385 -0.130566 0.875075 2.52158 -1.19473 -1.43059 0.0759112 0.379298 0.283911 -0.197905 -0.124141 -0.121408 1.87266 -5.53594 -0.0282865 4.83121 0.286414 -1.8838 0.181781 -0.720632 -4.42461 -0.6667 0.370193 -0.490315 -0.0428353 -0.305145 -0.0332832 0.0472024 0.509635 1.31592 -2.29385 0.286414 8.5868 -1.28259 -1.85843 -8.81698 0.343856 0.5314 -0.424478 0.000312617 -0.512056 0.0256603 -0.0259663 0.255273 -3.38867 7.09405 -0.130566 -1.8838 -1.28259 3.09144 0.0111474 2.1744 1.43522 -0.453132 -0.0423594 0.31342 -0.0610946 -0.0277393 0.00732281 -0.0934503 1.2306 -1.69278 0.875075 0.181781 -1.85843 0.0111474 2.55214 -0.272044 -0.774406 -0.787153 0.113935 -0.626256 0.0330881 0.231234 0.0514019 -0.317253 0.886549 -0.955255 2.52158 -0.720632 -8.81698 2.1744 -0.272044 40.9535 0.0839342 -1.33612 0.65753 0.0420422 -0.0611685 -0.667076 -0.0526596 -0.613302 6.038 -39.9339 -1.19473 -4.42461 0.343856 1.43522 -0.774406 0.0839342 6.29893 0.954389 -0.316922 0.169796 0.0503678 -0.598253 0.225885 0.107688 -1.7393 0.778603 -1.43059 -0.6667 0.5314 -0.453132 -0.787153 -1.33612 0.954389 4.77171 -0.405798 0.704319 -0.164981 -0.313668 0.0331542 -0.256148 -1.4866 0.725248 0.0759112 0.370193 -0.424478 -0.0423594 0.113935 0.65753 -0.316922 -0.405798 0.969221 -0.459334 0.00906459 -0.0667079 0.0335122 -0.0908204 0.505273 -0.675218 0.379298 -0.490315 0.000312617 0.31342 -0.626256 0.0420422 0.169796 0.704319 -0.459334 2.39456 0.0327914 -0.109479 -0.125712 -0.0163745 -0.35607 0.00972936 0.283911 -0.0428353 -0.512056 -0.0610946 0.0330881 -0.0611685 0.0503678 -0.164981 0.00906459 0.0327914 0.459869 0.038325 -0.160145 -0.117115 0.203198 0.190931 -0.197905 -0.305145 0.0256603 -0.0277393 0.231234 -0.667076 -0.598253 -0.313668 -0.0667079 -0.109479 0.038325 1.65194 -0.12029 0.0867501 -0.0968315 0.658844 -0.124141 -0.0332832 -0.0259663 0.00732281 0.0514019 -0.0526596 0.225885 0.0331542 0.0335122 -0.125712 -0.160145 -0.12029 0.311914 0.042009 -0.222021 0.2487 -0.121408 0.0472024 0.255273 -0.0934503 -0.317253 -0.613302 0.107688 -0.256148 -0.0908204 -0.0163745 -0.117115 0.0867501 0.042009 0.559092 -0.0623687 0.891458 1.87266 0.509635 -3.38867 1.2306 0.886549 6.038 -1.7393 -1.4866 0.505273 -0.35607 0.203198 -0.0968315 -0.222021 -0.0623687 9.81884 -13.2273 -5.53594 1.31592 7.09405 -1.69278 -0.955255 -39.9339 0.778603 0.725248 -0.675218 0.00972936 0.190931 0.658844 0.2487 0.891458 -13.2273 52.348
4.09577 0.153382 -1.96391 -0.409932 0.818195 2.23708 -1.44676 -1.02292 0.0249329 0.257047 0.0901077 -0.150489 -0.0626771 -0.0914768 1.7593 -5.65584 0.153382 4.85451 0.37626 -1.80761 0.0536688 -0.861925 -4.65011 -1.07017 0.516793 -0.349755 -0.0566247 -0.360509 0.0323923 -0.043178 0.831417 1.14258 -1.96391 0.37626 8.63553 -1.47228 -1.82439 -9.75756 0.553265 -0.0935039 -0.327196 -0.103542 -0.408172 -0.11588 -0.029135 0.288444 -3.81354 8.67568 -0.409932 -1.80761 -1.47228 3.27282 0.0104116 2.2906 1.29291 0.0228083 -0.152959 0.414355 -0.0623324 0.0219214 -0.0561666 -0.164891 1.22884 -1.47359 0.818195 0.0536688 -1.82439 0.0104116 2.75197 0.484087 -0.407255 -0.723312 0.0243133 -0.556251 0.0125426 0.105259 0.0594271 -0.311029 0.916435 -2.04709 2.23708 -0.861925 -9.75756 2.2906 0.484087 40.2938 0.00217181 0.168351 0.0955188 0.519756 -0.228751 -0.595031 0.0919059 -0.684383 6.91229 -41.0479 -1.44676 -4.65011 0.553265 1.29291 -0.407255 0.00217181 6.76716 1.03265 -0.586053 -0.0152328 0.0659488 -0.520693 0.182356 0.206648 -2.0977 1.02774 -1.02292 -1.07017 -0.0935039 0.0228083 -0.723312 0.168351 1.03265 4.24528 -0.329929 0.673136 -0.141298 -0.124822 -0.036735 -0.164656 -1.26356 -0.473035 0.0249329 0.516793 -0.327196 -0.152959 0.0243133 0.0955188 -0.586053 -0.329929 1.0189 -0.376035 0.0320194 -0.0320845 0.0312818 -0.105563 0.440044 0.0658566 0.257047 -0.349755 -0.103542 0.414355 -0.556251 0.519756 -0.0152328 0.673136 -0.376035 2.21156 0.051858 -0.0524114 -0.140013 -0.0648702 -0.243333 -0.347488 0.0901077 -0.0566247 -0.408172 -0.0623324 0.0125426 -0.228751 0.0659488 -0.141298 0.0320194 0.051858 0.441409 0.0785624 -0.152123 -0.0919668 0.200482 0.361387 -0.150489 -0.360509 -0.11588 0.0219214 0.105259 -0.595031 -0.520693 -0.124822 -0.0320845 -0.0524114 0.0785624 1.68334 -0.143249 0.136882 -0.105346 0.567953 -0.0626771 0.0323923 -0.029135 -0.0561666 0.0594271 0.0919059 0.182356 -0.036735 0.0312818 -0.140013 -0.152123 -0.143249 0.344936 0.0290277 -0.225862 0.133389 -0.0914768 -0.043178 0.288444 -0.164891 -0.311029 -0.684383 0.206648 -0.164656 -0.105563 -0.0648702 -0.0919668 0.136882 0.0290277 0.601897 -0.0964284 0.825543 1.7593 0.831417 -3.81354 1.22884 0.916435 6.91229 -2.0977 -1.26356 0.440044 -0.243333 0.200482 -0.105346 -0.225862 -0.0964284 10.0057 -13.9772 -5.65584 1.14258 8.67568 -1.47359 -2.04709 -41.0479 1.02774 -0.473035 0.0658566 -0.347488 0.361387 0.567953 0.133389 0.825543 -13.9772 55.1181
4.20129 0.491631 -1.60702 -0.300479 0.769216 2.02826 -1.5373 -1.38917 0.0718859 0.330221 0.0922201 -0.365756 -0.0771369 -0.133121 1.99452 -5.61529 0.491631 4.17524 0.39377 -1.62032 -0.0474737 -0.0868109 -4.16311 -1.19137 0.357302 -0.0354969 -0.0804149 -0.371632 -0.0507566 0.00340312 0.614022 0.264061 -1.60702 0.39377 8.38075 -1.2805 -1.97286 -10.0989 0.0876162 -0.238846 -0.303484 0.378164 -0.437279 -0.071924 -0.010697 0.377582 -3.61157 8.9471 -0.300479 -1.62032 -1.2805 3.15544 0.131088 2.21223 1.18222 -0.0367419 -0.107339 0.0370489 -0.156456 -0.0763349 0.063475 -0.131297 1.48553 -2.06048 0.769216 -0.0474737 -1.97286 0.131088 2.71468 1.30247 -0.264373 -0.802814 0.170203 -0.460419 -0.00345358 0.044641 0.09591 -0.343274 1.05925 -2.8023 2.02826 -0.0868109 -10.0989 2.21223 1.30247 41.8419 -0.466001 -0.706332 0.540322 -0.473136 -0.0951443 -0.69966 -0.125181 -0.924136 7.13811 -42.1252 -1.5373 -4.16311 0.0876162 1.18222 -0.264373 -0.466001 6.43764 1.12458 -0.367886 -0.32152 0.169244 -0.469425 0.191418 0.151154 -1.68604 1.48295 -1.38917 -1.19137 -0.238846 -0.0367419 -0.802814 -0.706332 1.12458 4.83942 -0.113227 0.476163 -0.1484 -0.0460632 -0.10083 -0.200756 -1.02384 0.419978 0.0718859 0.357302 -0.303484 -0.107339 0.170203 0.540322 -0.367886 -0.113227 0.886176 -0.385749 -0.00908009 -0.149417 0.00220066 -0.139315 0.437926 -0.702141 0.330221 -0.0354969 0.378164 0.0370489 -0.460419 -0.473136 -0.32152 0.476163 -0.385749 2.55331 0.00617251 -0.0317373 -0.180079 0.0327035 -0.648203 0.628433 0.0922201 -0.0804149 -0.437279 -0.156456 -0.00345358 -0.0951443 0.169244 -0.1484 -0.00908009 0.00617251 0.432624 0.0956033 -0.14659 -0.080335 0.161357 0.287532 -0.365756 -0.371632 -0.071924 -0.0763349 0.044641 -0.69966 -0.469425 -0.0460632 -0.149417 -0.0317373 0.0956033 1.64008 -0.0876936 0.144182 -0.352411 1.07074 -0.0771369 -0.0507566 -0.010697 0.063475 0.09591 -0.125181 0.191418 -0.10083 0.00220066 -0.180079 -0.14659 -0.0876936 0.346083 0.0319956 -0.31985 0.467168 -0.133121 0.00340312 0.377582 -0.131297 -0.343274 -0.924136 0.151154 -0.200756 -0.139315 0.0327035 -0.080335 0.144182 0.0319956 0.604746 -0.15827 1.15682 1.99452 0.614022 -3.61157 1.48553 1.05925 7.13811 -1.68604 -1.02384 0.437926 -0.648203 0.161357 -0.352411 -0.31985 -0.15827 9.8186 -14.6867 -5.61529 0.264061 8.9471 -2.06048 -2.8023 -42.1252 1.48295 0.419978 -0.702141 0.628433 0.287532 1.07074 0.467168 1.15682 -14.6867 56.0649
3.97168 0.505778 -1.82908 -0.177094 1.01765 2.85389 -1.50068 -1.11559 0.231864 0.342635 0.0218995 -0.499418 0.0167176 -0.15378 1.6796 -6.01281 0.505778 4.29652 0.278322 -1.65849 0.331835 -0.300194 -4.306 -1.51777 0.329406 -0.0462389 -0.0428311 -0.141586 0.00850421 0.00701443 0.559204 0.511871 -1.82908 0.278322 8.66648 -1.13666 -2.07671 -10.0046 0.428995 -0.320151 -0.225645 0.0630875 -0.551285 -0.183713 0.0896981 0.482638 -3.26338 8.63196 -0.177094 -1.65849 -1.13666 3.07507 -0.085986 1.83691 1.23863 0.113953 -0.306473 0.221247 -0.105646 -0.0421671 -0.0182095 -0.145068 1.15196 -1.52412 1.01765 0.331835 -2.07671 -0.085986 2.51555 1.9804 -0.673403 -0.971542 0.344491 -0.430021 0.0444203 0.0502506 0.0405654 -0.383194 1.22292 -3.45467 2.85389 -0.300194 -10.0046 1.83691 1.9804 43.2862 -0.89585 -0.269423 0.0907437 0.365039 -0.199267 -0.936297 -0.0574954 -1.02156 5.92591 -43.8064 -1.50068 -4.306 0.428995 1.23863 -0.673403 -0.89585 6.564 1.56508 -0.483939 -0.224641 0.21046 -0.688245 0.0613197 0.132143 -1.55943 1.49129 -1.11559 -1.51777 -0.320151 0.113953 -0.971542 -0.269423 1.56508 4.69699 -0.189453 0.616826 -0.195045 -0.0865162 -0.104044 -0.147353 -1.32861 0.104678 0.231864 0.329406 -0.225645 -0.306473 0.344491 0.0907437 -0.483939 -0.189453 1.00925 -0.251134 0.0236929 -0.0955657 0.00585989 -0.149257 0.305073 -0.504289 0.342635 -0.0462389 0.0630875 0.221247 -0.430021 0.365039 -0.224641 0.616826 -0.251134 2.51959 0.00316803 -0.167466 -0.136083 -0.0108494 -0.557872 -0.144578 0.0218995 -0.0428311 -0.551285 -0.105646 0.0444203 -0.199267 0.21046 -0.195045 0.0236929 0.00316803 0.507719 0.102834 -0.164405 -0.121068 0.177229 0.528734 -0.499418 -0.141586 -0.183713 -0.0421671 0.0502506 -0.936297 -0.688245 -0.0865162 -0.0955657 -0.167466 0.102834 1.74665 -0.0721243 0.180822 0.0456787 1.28722 0.0167176 0.00850421 0.0896981 -0.0182095 0.0405654 -0.0574954 0.0613197 -0.104044 0.00585989 -0.136083 -0.164405 -0.0721243 0.343468 0.0253425 -0.265236 0.215328 -0.15378 0.00701443 0.482638 -0.145068 -0.383194 -1.02156 0.132143 -0.147353 -0.149257 -0.0108494 -0.121068 0.180822 0.0253425 0.698651 -0.0397381 1.052 1.6796 0.559204 -3.26338 1.15196 1.22292 5.92591 -1.55943 -1.32861 0.305073 -0.557872 0.177229 0.0456787 -0.265236 -0.0397381 9.20913 -13.008 -6.01281 0.511871 8.63196 -1.52412 -3.45467 -43.8064 1.49129 0.104678 -0.504289 -0.144578 0.528734 1.28722 0.215328 1.052 -13.008 57.3689
4.31036 0.752905 -2.19565 -0.171212 1.16564 3.19379 -1.6312 -1.38095 0.171283 0.0404124 -0.0230457 -0.527868 0.0213908 -0.106219 1.55328 -6.08222 0.752905 4.36744 0.317296 -1.62917 0.410082 1.42092 -4.4934 -1.54321 0.242593 -0.0179336 -0.196063 -0.281803 0.0599294 0.0678664 1.06593 -1.76344 -2.19565 0.317296 8.19441 -1.09959 -1.92293 -8.36458 0.43046 0.302043 -0.153695 0.572903 -0.396866 -0.0780063 0.00485809 0.421283 -2.57371 6.21637 -0.171212 -1.62917 -1.09959 3.11002 0.0784491 1.36725 1.02283 -0.258026 -0.143608 0.343706 -0.0986142 0.0714052 -0.0504031 -0.144298 1.3753 -1.22675 1.16564 0.410082 -1.92293 0.0784491 2.45433 2.23157 -0.862752 -1.13995 0.209701 -0.422452 -0.0746638 0.0753209 0.0718247 -0.28064 0.938498 -3.34581 3.19379 1.42092 -8.36458 1.36725 2.23157 42.6846 -2.73974 -1.81046 0.30278 0.536287 -0.620558 -0.866731 0.286806 -0.785111 5.80226 -43.2537 -1.6312 -4.4934 0.43046 1.02283 -0.862752 -2.73974 6.85564 1.79071 -0.403562 -0.15396 0.432218 -0.596837 0.0247578 0.039622 -2.4389 3.93794 -1.38095 -1.54321 0.302043 -0.258026 -1.13995 -1.81046 1.79071 4.7571 -0.122803 0.428136 -0.0504235 -0.0789835 -0.0993441 -0.140203 -1.78924 1.70417 0.171283 0.242593 -0.153695 -0.143608 0.209701 0.30278 -0.403562 -0.122803 0.860799 -0.114046 -0.00866422 -0.0577231 -0.0304352 -0.101924 0.257569 -0.594523 0.0404124 -0.0179336 0.572903 0.343706 -0.422452 0.536287 -0.15396 0.428136 -0.114046 2.24809 -0.00470273 -0.153053 -0.0741801 -0.0694019 -0.140214 -0.82294 -0.0230457 -0.196063 -0.396866 -0.0986142 -0.0746638 -0.620558 0.432218 -0.0504235 -0.00866422 -0.00470273 0.459903 0.0529191 -0.118367 -0.14896 -0.0552062 1.02813 -0.527868 -0.281803 -0.0780063 0.0714052 0.0753209 -0.866731 -0.596837 -0.0789835 -0.0577231 -0.153053 0.0529191 1.68607 -0.074904 0.175261 0.0608314 1.16113 0.0213908 0.0599294 0.00485809 -0.0504031 0.0718247 0.286806 0.0247578 -0.0993441 -0.0304352 -0.0741801 -0.118367 -0.074904 0.346758 0.0207249 -0.133786 -0.250949 -0.106219 0.0678664 0.421283 -0.144298 -0.28064 -0.785111 0.039622 -0.140203 -0.101924 -0.0694019 -0.14896 0.175261 0.0207249 0.724153 -0.0316189 0.72757 1.55328 1.06593 -2.57371 1.3753 0.938498 5.80226 -2.4389 -1.78924 0.257569 -0.140214 -0.0552062 0.0608314 -0.133786 -0.0316189 9.30414 -12.5829 -6.08222 -1.76344 6.21637 -1.22675 -3.34581 -43.2537 3.93794 1.70417 -0.594523 -0.82294 1.02813 1.16113 -0.250949 0.72757 -12.5829 56.6373
4.2615 0.834433 -2.12186 -0.0244513 1.21074 4.13716 -1.56451 -1.11879 0.170808 0.269328 -0.0620426 -0.720515 -0.0451617 -0.188023 1.59878 -7.261 0.834433 4.22281 0.518249 -1.6222 0.174435 0.362286 -4.40917 -1.04811 0.351736 -0.0289659 -0.221586 -0.379169 -0.00544298 0.0400464 0.910765 -0.897074 -2.12186 0.518249 8.00524 -1.35121 -1.73497 -8.57767 0.110472 -0.104582 -0.0908948 0.286314 -0.355991 -0.0390562 0.0151662 0.351466 -2.83608 7.05663 -0.0244513 -1.6222 -1.35121 3.14502 0.112572 2.08459 1.09145 -0.109407 -0.0909478 0.313768 -0.0960067 -0.0097273 -0.0415927 -0.149065 1.72347 -2.38493 1.21074 0.174435 -1.73497 0.112572 2.43569 2.24455 -0.406085 -0.959546 0.146976 -0.269157 -0.00500425 0.00288513 0.0741137 -0.356766 0.671388 -3.59977 4.13716 0.362286 -8.57767 2.08459 2.24455 40.0313 -1.65165 -1.19777 0.394065 0.943723 -0.39516 -0.965508 0.0870571 -0.976475 6.95017 -43.16 -1.56451 -4.40917 0.110472 1.09145 -0.406085 -1.65165 6.86387 1.15015 -0.538095 -0.26754 0.386274 -0.57394 0.0874105 0.14469 -2.2674 3.05211 -1.11879 -1.04811 -0.104582 -0.109407 -0.959546 -1.19777 1.15015 4.26297 -0.0736205 0.220397 -0.057808 -0.138028 -0.0422869 -0.122762 -1.27433 1.14283 0.170808 0.351736 -0.0908948 -0.0909478 0.146976 0.394065 -0.538095 -0.0736205 0.883188 -0.169477 -0.0153049 -0.0732571 -0.0459596 -0.114419 0.258078 -0.687395 0.269328 -0.0289659 0.286314 0.313768 -0.269157 0.943723 -0.26754 0.220397 -0.169477 2.31597 -0.0279738 -0.171564 -0.0754877 -0.0894302 0.526992 -1.7708 -0.0620426 -0.221586 -0.355991 -0.0960067 -0.00500425 -0.39516 0.386274 -0.057808 -0.0153049 -0.0279738 0.383445 0.102764 -0.058809 -0.114148 -0.0947288 0.78027 -0.720515 -0.379169 -0.0390562 -0.0097273 0.00288513 -0.965508 -0.57394 -0.138028 -0.0732571 -0.171564 0.102764 1.78964 -0.0223832 0.164918 -0.074981 1.51586 -0.0451617 -0.00544298 0.0151662 -0.0415927 0.0741137 0.0870571 0.0874105 -0.0422869 -0.0459596 -0.0754877 -0.058809 -0.0223832 0.304658 0.0156977 -0.110322 -0.0754495 -0.188023 0.0400464 0.351466 -0.149065 -0.356766 -0.976475 0.14469 -0.122762 -0.114419 -0.0894302 -0.114148 0.164918 0.0156977 0.76197 -0.0701576 1.09051 1.59878 0.910765 -2.83608 1.72347 0.671388 6.95017 -2.2674 -1.27433 0.258078 0.526992 -0.0947288 -0.074981 -0.110322 -0.0701576 9.51511 -14.0212 -7.261 -0.897074 7.05663 -2.38493 -3.59977 -43.16 3.05211 1.14283 -0.687395 -1.7708 0.78027 1.51586 -0.0754495 1.09051 -14.0212 59.0559
3.98902 0.439144 -1.93257 -0.0563489 1.03203 2.74407 -1.12869 -1.18159 0.0750537 0.37209 0.140159 -0.642389 -0.0400352 -0.262031 1.43537 -5.63293 0.439144 3.96624 0.566521 -1.18383 -0.216136 -0.445341 -3.95212 -0.619661 0.36822 0.10872 -0.0957491 -0.456041 -0.0679684 0.0367645 0.47644 0.715046 -1.93257 0.566521 6.55423 -1.22243 -1.4873 -5.99006 0.0523073 0.0626785 -0.101908 0.181178 -0.383861 -0.0493303 -0.0106371 0.452836 -2.35814 4.93296 -0.0563489 -1.18383 -1.22243 2.72885 0.18935 1.83429 0.652173 -0.101037 -0.147204 0.398659 -0.199872 -0.0949642 -0.0183328 -0.217675 1.61958 -1.96166 1.03203 -0.216136 -1.4873 0.18935 2.1783 1.49783 -0.0430073 -0.730114 0.0372061 -0.309376 0.0238442 0.019071 0.0502155 -0.346225 0.590831 -2.80558 2.74407 -0.445341 -5.99006 1.83429 1.49783 37.9241 -0.79881 -1.32196 0.556104 1.67157 -0.229429 -0.652778 -0.143314 -1.03469 5.89955 -40.7861 -1.12869 -3.95212 0.0523073 0.652173 -0.0430073 -0.79881 6.35755 0.747713 -0.455845 -0.493158 0.25255 -0.482086 0.215169 0.206167 -1.50958 1.01996 -1.18159 -0.619661 0.0626785 -0.101037 -0.730114 -1.32196 0.747713 3.87313 -0.0227676 0.117441 -0.121338 -0.0687383 0.023257 -0.0640809 -1.21403 1.2226 0.0750537 0.36822 -0.101908 -0.147204 0.0372061 0.556104 -0.455845 -0.0227676 0.912511 -0.176612 0.0247929 -0.027979 -0.0468001 -0.050088 0.16203 -0.7111 0.37209 0.10872 0.181178 0.398659 -0.309376 1.67157 -0.493158 0.117441 -0.176612 2.33095 -0.0649016 -0.319365 -0.064724 -0.145988 0.737283 -2.44977 0.140159 -0.0957491 -0.383861 -0.199872 0.0238442 -0.229429 0.25255 -0.121338 0.0247929 -0.0649016 0.387877 0.0787639 -0.0541226 -0.128062 -0.114201 0.477807 -0.642389 -0.456041 -0.0493303 -0.0949642 0.019071 -0.652778 -0.482086 -0.0687383 -0.027979 -0.319365 0.0787639 1.71076 -0.0413184 0.0858344 -0.259972 1.19878 -0.0400352 -0.0679684 -0.0106371 -0.0183328 0.0502155 -0.143314 0.215169 0.023257 -0.0468001 -0.064724 -0.0541226 -0.0413184 0.346616 0.00887604 -0.233763 0.217568 -0.262031 0.0367645 0.452836 -0.217675 -0.346225 -1.03469 0.206167 -0.0640809 -0.050088 -0.145988 -0.128062 0.0858344 0.00887604 0.711877 -0.157417 1.13154 1.43537 0.47644 -2.35814 1.61958 0.590831 5.89955 -1.50958 -1.21403 0.16203 0.737283 -0.114201 -0.259972 -0.233763 -0.157417 8.86682 -12.5205 -5.63293 0.715046 4.93296 -1.96166 -2.80558 -40.7861 1.01996 1.2226 -0.7111 -2.44977 0.477807 1.19878 0.217568 1.13154 -12.5205 55.4679
3.69484 0.503715 -1.73197 -0.226053 1.07937 2.41303 -1.26754 -1.17474 -0.022687 0.235285 0.111363 -0.47747 0.0252271 -0.327676 1.16754 -4.92384 0.503715 4.02875 0.551881 -1.33317 -0.200288 0.353692 -3.89868 -0.801866 0.307287 0.0624799 -0.0952468 -0.733595 -0.106153 -0.115916 0.448737 -0.00151181 -1.73197 0.551881 6.69826 -1.31806 -1.56285 -5.40084 0.230983 0.22558 -0.179626 0.457128 -0.342191 -0.137661 -0.0116858 0.503927 -2.45464 3.92204 -0.226053 -1.33317 -1.31806 2.75914 0.218724 1.62981 0.857796 -0.0154298 -0.102368 0.324412 -0.267045 -0.0588013 -0.0376399 -0.0360457 1.71916 -1.78754 1.07937 -0.200288 -1.56285 0.218724 2.23376 0.541721 -0.262742 -0.751804 0.0863113 -0.313453 0.0071417 0.122386 0.0815534 -0.341833 0.350173 -1.58862 2.41303 0.353692 -5.40084 1.62981 0.541721 41.0162 -2.35857 -0.879194 -0.118286 0.657204 -0.489682 -0.030718 -0.293461 -0.468792 7.64563 -44.647 -1.26754 -3.89868 0.230983 0.857796 -0.262742 -2.35857 6.25619 1.03369 -0.269082 -0.400807 0.232997 -0.317602 0.237653 0.376067 -1.57392 2.78132 -1.17474 -0.801866 0.22558 -0.0154298 -0.751804 -0.879194 1.03369 3.89228 -0.107853 0.268362 -0.139324 -0.122528 0.0596817 -0.0195465 -1.14202 0.510935 -0.022687 0.307287 -0.179626 -0.102368 0.0863113 -0.118286 -0.269082 -0.107853 1.00199 -0.220479 0.0496425 -0.0275977 -0.016793 -0.0948884 0.223966 -0.00592024 0.235285 0.0624799 0.457128 0.324412 -0.313453 0.657204 -0.400807 0.268362 -0.220479 2.13483 -0.107922 -0.30716 -0.0410388 -0.131148 0.327075 -1.30269 0.111363 -0.0952468 -0.342191 -0.267045 0.0071417 -0.489682 0.232997 -0.139324 0.0496425 -0.107922 0.423832 0.120115 -0.0764419 -0.159286 -0.230476 0.885003 -0.47747 -0.733595 -0.137661 -0.0588013 0.122386 -0.030718 -0.317602 -0.122528 -0.0275977 -0.30716 0.120115 1.84234 -0.0860497 0.0461155 -0.106297 0.137401 0.0252271 -0.106153 -0.0116858 -0.0376399 0.0815534 -0.293461 0.237653 0.0596817 -0.016793 -0.0410388 -0.0764419 -0.0860497 0.347621 0.0145171 -0.240221 0.286211 -0.327676 -0.115916 0.503927 -0.0360457 -0.341833 -0.468792 0.376067 -0.0195465 -0.0948884 -0.131148 -0.159286 0.0461155 0.0145171 0.70065 -0.248045 0.636985 1.16754 0.448737 -2.45464 1.71916 0.350173 7.64563 -1.57392 -1.14202 0.223966 0.327075 -0.230476 -0.106297 -0.240221 -0.248045 9.72659 -14.743 -4.92384 -0.00151181 3.92204 -1.78754 -1.58862 -44.647 2.78132 0.510935 -0.00592024 -1.30269 0.885003 0.137401 0.286211 0.636985 -14.743 60.7064
3.92904 0.504215 -1.6398 -0.267944 1.17572 2.68929 -1.10696 -1.10619 0.107686 0.434326 0.0877472 -0.717632 -0.106409 -0.21723 1.12454 -5.49795 0.504215 4.34711 0.380779 -1.57139 -0.0973559 0.489516 -4.23536 -0.948151 0.243511 0.362031 -0.11677 -0.664224 -0.210639 -0.0156725 0.928439 -0.274837 -1.6398 0.380779 6.77156 -1.35297 -1.60411 -6.69252 0.187136 -0.157947 -0.230694 0.381509 -0.327204 0.0264994 0.0190004 0.517911 -2.79761 5.67287 -0.267944 -1.57139 -1.35297 2.98609 0.18544 1.91296 1.1222 -0.0913392 -0.0751628 0.133228 -0.187669 0.0443614 -0.0109771 -0.0720298 1.94145 -2.35059 1.17572 -0.0973559 -1.60411 0.18544 2.41284 0.67558 -0.339499 -0.594285 0.120595 -0.143751 -0.000545049 -0.0387189 -0.0223178 -0.372096 0.504119 -2.07463 2.68929 0.489516 -6.69252 1.91296 0.67558 45.4553 -2.28273 -0.671121 -0.222469 0.820992 -0.0915014 0.242177 -0.564138 -1.00443 9.61071 -50.6449 -1.10696 -4.23536 0.187136 1.1222 -0.339499 -2.28273 6.54619 1.0065 -0.240237 -0.69571 0.263361 -0.408136 0.401128 0.246888 -2.17242 3.18965 -1.10619 -0.948151 -0.157947 -0.0913392 -0.594285 -0.671121 1.0065 3.81183 -0.165808 0.0290483 -0.0492664 0.183991 0.136295 -0.154892 -1.27398 0.575948 0.107686 0.243511 -0.230694 -0.0751628 0.120595 -0.222469 -0.240237 -0.165808 0.830295 -0.168886 0.0468578 -0.0304887 -0.022669 -0.0846579 0.23415 0.0505399 0.434326 0.362031 0.381509 0.133228 -0.143751 0.820992 -0.69571 0.0290483 -0.168886 2.16858 -0.0572113 -0.346894 -0.0796057 -0.100088 0.672702 -1.76381 0.0877472 -0.11677 -0.327204 -0.187669 -0.000545049 -0.0915014 0.263361 -0.0492664 0.0468578 -0.0572113 0.375745 0.0462853 -0.0912085 -0.133176 -0.189211 0.428532 -0.717632 -0.664224 0.0264994 0.0443614 -0.0387189 0.242177 -0.408136 0.183991 -0.0304887 -0.346894 0.0462853 1.79068 -0.121736 -0.0287179 -0.0177026 -0.253901 -0.106409 -0.210639 0.0190004 -0.0109771 -0.0223178 -0.564138 0.401128 0.136295 -0.022669 -0.0796057 -0.0912085 -0.121736 0.38446 0.00995921 -0.458039 0.909883 -0.21723 -0.0156725 0.517911 -0.0720298 -0.372096 -1.00443 0.246888 -0.154892 -0.0846579 -0.100088 -0.133176 -0.0287179 0.00995921 0.715764 -0.51236 1.48159 1.12454 0.928439 -2.79761 1.94145 0.504119 9.61071 -2.17242 -1.27398 0.23415 0.672702 -0.189211 -0.0177026 -0.458039 -0.51236 11.031 -17.4969 -5.49795 -0.274837 5.67287 -2.35059 -2.07463 -50.6449 3.18965 0.575948 0.0505399 -1.76381 0.428532 -0.253901 0.909883 1.48159 -17.4969 68.7252
3.77998 0.24765 -1.42522 -0.0311203 0.987549 2.44676 -0.784223 -0.876317 0.0405635 0.338941 0.131565 -0.708596 -0.106374 -0.228943 1.04052 -5.25617 0.24765 3.85492 0.0440134 -1.38331 -0.101818 0.20805 -3.66734 -0.652998 0.158548 0.0192916 -0.0631213 -0.490936 -0.134122 -0.00569024 0.958929 0.143108 -1.42522 0.0440134 6.54868 -1.20696 -1.48191 -4.96564 0.535244 -0.156588 -0.150446 0.158774 -0.398576 0.213234 0.00414662 0.507473 -2.38726 3.25545 -0.0311203 -1.38331 -1.20696 2.7539 0.158308 0.659266 0.926407 -0.324824 0.091644 0.294882 -0.120844 -0.0725052 -0.0514674 -0.103828 1.48018 -0.721012 0.987549 -0.101818 -1.48191 0.158308 2.31847 0.641822 -0.358958 -0.535692 0.0403431 -0.168833 0.037742 -0.0805348 -0.0564213 -0.383537 0.400385 -1.79549 2.44676 0.20805 -4.96564 0.659266 0.641822 42.9857 -1.91685 -0.596284 -0.425375 1.15937 -0.0284642 0.286575 -0.496281 -0.791445 8.26234 -48.7333 -0.784223 -3.66734 0.535244 0.926407 -0.358958 -1.91685 5.91039 0.966305 -0.1919 -0.353345 0.230475 -0.593591 0.291565 0.305197 -1.96969 2.22659 -0.876317 -0.652998 -0.156588 -0.324824 -0.535692 -0.596284 0.966305 3.86462 -0.162987 -0.0665089 -0.0816661 -0.0766749 0.0748594 -0.109966 -1.37569 0.379298 0.0405635 0.158548 -0.150446 0.091644 0.0403431 -0.425375 -0.1919 -0.162987 0.822194 -0.13048 0.0165901 -0.0136383 -0.0152538 -0.0679391 0.186228 0.38382 0.338941 0.0192916 0.158774 0.294882 -0.168833 1.15937 -0.353345 -0.0665089 -0.13048 1.91897 -0.046211 -0.203912 -0.093412 -0.0351958 0.584776 -1.86049 0.131565 -0.0631213 -0.398576 -0.120844 0.037742 -0.0284642 0.230475 -0.0816661 0.0165901 -0.046211 0.381801 -0.0196941 -0.0850676 -0.107295 -0.097272 0.323366 -0.708596 -0.490936 0.213234 -0.0725052 -0.0805348 0.286575 -0.593591 -0.0766749 -0.0136383 -0.203912 -0.0196941 1.73436 -0.0691651 -0.0565084 -0.0211306 -0.197217 -0.106374 -0.134122 0.00414662 -0.0514674 -0.0564213 -0.496281 0.291565 0.0748594 -0.0152538 -0.093412 -0.0850676 -0.0691651 0.361865 0.0180515 -0.468497 0.945793 -0.228943 -0.00569024 0.507473 -0.103828 -0.383537 -0.791445 0.305197 -0.109966 -0.0679391 -0.0351958 -0.107295 -0.0565084 0.0180515 0.623703 -0.452089 1.18918 1.04052 0.958929 -2.38726 1.48018 0.400385 8.26234 -1.96969 -1.37569 0.186228 0.584776 -0.097272 -0.0211306 -0.468497 -0.452089 10.6814 -16.1212 -5.25617 0.143108 3.25545 -0.721012 -1.79549 -48.7333 2.22659 0.379298 0.38382 -1.86049 0.323366 -0.197217 0.945793 1.18918 -16.1212 68.0798
