284.968 37.9508 51.9443 -11.3654 44.7542 14.4077 -38.4159 -134.23 -139.492 -84.3759 74.7091 35.1599 182.645 -134.263 90.9897 -26.6358 37.9508 69.9911 5.18001 -25.5983 5.7136 23.138 -50.1601 -70.2567 -16.5102 -75.9918 8.29672 18.125 46.359 -32.8265 26.2972 -31.8003 51.9443 5.18001 73.473 5.3673 10.4366 -18.9215 11.9877 -68.3358 -1.38475 -33.5706 59.9128 23.459 150.988 -9.07629 58.8724 -10.5561 -11.3654 -25.5983 5.3673 59.1003 -38.9745 -22.4112 42.8345 123.696 171.877 68.2563 -25.4586 -35.0319 138.363 -25.203 22.1132 -1.01813 44.7542 5.7136 10.4366 -38.9745 98.762 8.97659 -4.15606 -159.591 -223.218 2.44865 46.5126 48.8735 -11.2661 58.1775 5.92374 10.4353 14.4077 23.138 -18.9215 -22.4112 8.97659 46.0675 -57.5518 -0.436981 4.03365 -2.37472 -31.107 -6.42357 -111.691 11.7449 -7.11983 -7.15101 -38.4159 -50.1601 11.9877 42.8345 -4.15606 -57.5518 190.679 25.4309 -39.599 44.2542 15.6355 -4.5226 223.772 -21.6686 -14.7682 7.34247 -134.23 -70.2567 -68.3358 123.696 -159.591 -0.436981 25.4309 1205.94 550.101 494.994 -267.853 -277.624 -217.708 114.356 28.2462 31.6027 -139.492 -16.5102 -1.38475 171.877 -223.218 4.03365 -39.599 550.101 2221.51 297.211 -173.439 -243.248 415.887 294.775 83.9577 -162.929 -84.3759 -75.9918 -33.5706 68.2563 2.44865 -2.37472 44.2542 494.994 297.211 731.359 -90.7187 -173.579 -99.6495 312.163 55.3569 28.2485 74.7091 8.29672 59.9128 -25.4586 46.5126 -31.107 15.6355 -267.853 -173.439 -90.7187 379.645 115.844 208.384 -24.8605 41.7241 -18.0923 35.1599 18.125 23.459 -35.0319 48.8735 -6.42357 -4.5226 -277.624 -243.248 -173.579 115.844 217.236 53.1779 -62.9529 -17.2732 1.77558 182.645 46.359 150.988 138.363 -11.2661 -111.691 223.772 -217.708 415.887 -99.6495 208.384 53.1779 1990.54 -312.038 272.808 -171.789 -134.263 -32.8265 -9.07629 -25.203 58.1775 11.7449 -21.6686 114.356 294.775 312.163 -24.8605 -62.9529 -312.038 627.141 -50.6055 17.8834 90.9897 26.2972 58.8724 22.1132 5.92374 -7.11983 -14.7682 28.2462 83.9577 55.3569 41.7241 -17.2732 272.808 -50.6055 194.977 -42.2799 -26.6358 -31.8003 -10.5561 -1.01813 10.4353 -7.15101 7.34247 31.6027 -162.929 28.2485 -18.0923 1.77558 -171.789 17.8834 -42.2799 54.1872
493.315 -57.3332 42.5384 -55.0882 -26.1384 15.064 10.247 -99.7636 -211.785 -64.5722 -327.108 78.8087 22.8288 77.1931 44.1048 23.4856 -57.3332 97.4945 -14.2177 21.9062 26.6835 -13.8516 5.27522 34.0099 -28.7737 57.9651 54.934 -33.0797 143.275 35.4979 -43.3145 -19.1108 42.5384 -14.2177 35.2846 -7.50941 5.67196 14.7855 -1.2257 -5.32649 -17.915 10.4665 -48.521 -5.4053 -58.9351 -24.0438 6.2584 2.51489 -55.0882 21.9062 -7.50941 35.3722 7.58173 -1.19892 -8.95793 12.6934 73.8452 39.2387 34.0507 -5.41572 67.4558 1.76388 15.2169 -4.72883 -26.1384 26.6835 5.67196 7.58173 45.8493 -0.188272 -10.9642 -52.4634 -2.91758 22.6927 42.6742 -41.5183 12.0388 -11.9031 -39.4351 -12.0251 15.064 -13.8516 14.7855 -1.19892 -0.188272 52.8408 -9.92636 32.7735 58.8692 9.85417 -18.4446 -6.51756 -74.6857 7.17787 62.8907 -1.26732 10.247 5.27522 -1.2257 -8.95793 -10.9642 -9.92636 84.6463 160.57 7.08675 7.63962 -43.3735 19.0664 -71.2296 8.41805 1.30365 -5.69036 -99.7636 34.0099 -5.32649 12.6934 -52.4634 32.7735 160.57 1104.18 140.47 186.243 -208.108 -10.9852 -405.63 243.196 12.7737 -13.1693 -211.785 -28.7737 -17.915 73.8452 -2.91758 58.8692 7.08675 140.47 810.476 96.3891 217.222 85.991 -353.443 -39.4456 280.674 -18.5524 -64.5722 57.9651 10.4665 39.2387 22.6927 9.85417 7.63962 186.243 96.3891 279.284 -18.7619 -37.7089 89.759 15.7707 -36.7365 2.25432 -327.108 54.934 -48.521 34.0507 42.6742 -18.4446 -43.3735 -208.108 217.222 -18.7619 587.367 -84.9849 67.9806 -87.478 -4.52845 -26.5372 78.8087 -33.0797 -5.4053 -5.41572 -41.5183 -6.51756 19.0664 -10.9852 85.991 -37.7089 -84.9849 301.611 80.3575 56.2441 150.822 7.21112 22.8288 143.275 -58.9351 67.4558 12.0388 -74.6857 -71.2296 -405.63 -353.443 89.759 67.9806 80.3575 3322.92 227.531 -104.115 3.07285 77.1931 35.4979 -24.0438 1.76388 -11.9031 7.17787 8.41805 243.196 -39.4456 15.7707 -87.478 56.2441 227.531 350.646 -5.09115 -4.10962 44.1048 -43.3145 6.2584 15.2169 -39.4351 62.8907 1.30365 12.7737 280.674 -36.7365 -4.52845 150.822 -104.115 -5.09115 339.419 5.58085 23.4856 -19.1108 2.51489 -4.72883 -12.0251 -1.26732 -5.69036 -13.1693 -18.5524 2.25432 -26.5372 7.21112 3.07285 -4.10962 5.58085 19.282
378.401 42.0013 14.6955 32.8753 -60.5255 2.14132 -2.69444 -46.8922 55.6483 -27.2131 80.8222 -11.3469 -206.59 -237.463 74.7493 40.6171 42.0013 75.5648 -6.87888 21.837 9.30438 3.526 -33.3493 4.89461 104.326 -75.6445 44.6386 15.3559 -133.88 -72.731 57.2705 19.5937 14.6955 -6.87888 32.9588 -0.86912 3.52802 4.20743 11.2824 13.3581 0.0706499 33.2359 -30.7442 -13.539 66.1069 4.73637 -2.71517 3.34923 32.8753 21.837 -0.86912 67.6198 -13.638 4.38762 -18.3943 30.0505 90.377 -21.5193 22.8105 27.7111 -142.539 3.26044 23.6814 -5.56492 -60.5255 9.30438 3.52802 -13.638 118.79 -13.0907 14.8554 59.5443 100.174 -31.9642 -62.9775 19.193 16.2328 -21.6624 7.12414 5.1745 2.14132 3.526 4.20743 4.38762 -13.0907 32.1481 -5.66684 40.3876 1.34234 9.13733 25.5491 14.9759 -14.1258 -19.7635 5.03512 -1.24647 -2.69444 -33.3493 11.2824 -18.3943 14.8554 -5.66684 149.13 -264.652 -59.6386 23.7802 -61.6693 -101.143 138.274 18.1602 -79.4575 4.19356 -46.8922 4.89461 13.3581 30.0505 59.5443 40.3876 -264.652 1482.03 136.562 141.64 161.871 252.398 -420.146 -80.8247 174.385 -61.3008 55.6483 104.326 0.0706499 90.377 100.174 1.34234 -59.6386 136.562 1191.46 -219.546 -29.5684 239.156 -318.119 -224.536 225.466 81.9973 -27.2131 -75.6445 33.2359 -21.5193 -31.9642 9.13733 23.7802 141.64 -219.546 312.278 -61.0794 -3.51554 166.072 108.103 -57.1083 -38.3029 80.8222 44.6386 -30.7442 22.8105 -62.9775 25.5491 -61.6693 161.871 -29.5684 -61.0794 406.403 31.7722 -280.035 -117.524 50.8262 18.2025 -11.3469 15.3559 -13.539 27.7111 19.193 14.9759 -101.143 252.398 239.156 -3.51554 31.7722 336.547 -214.904 -9.73848 79.0233 1.42952 -206.59 -133.88 66.1069 -142.539 16.2328 -14.1258 138.274 -420.146 -318.119 166.072 -280.035 -214.904 1449.44 156.07 -118.454 -20.8461 -237.463 -72.731 4.73637 3.26044 -21.6624 -19.7635 18.1602 -80.8247 -224.536 108.103 -117.524 -9.73848 156.07 616.777 -120.971 -67.1564 74.7493 57.2705 -2.71517 23.6814 7.12414 5.03512 -79.4575 174.385 225.466 -57.1083 50.8262 79.0233 -118.454 -120.971 162.56 23.4129 40.6171 19.5937 3.34923 -5.56492 5.1745 -1.24647 4.19356 -61.3008 81.9973 -38.3029 18.2025 1.42952 -20.8461 -67.1564 23.4129 33.1806
601.913 94.1844 -1.09039 -40.6697 212.27 -56.7109 -86.3791 -683.834 199.125 -432.49 263.586 276.192 -613.495 -152.664 187.607 -33.2477 94.1844 67.0081 -0.0296723 24.1394 48.0508 2.9077 -26.9268 -114.365 59.2268 -108.361 141.486 55.9293 -121.337 -12.475 71.5334 -8.33648 -1.09039 -0.0296723 27.1739 20.4833 -7.16348 17.8162 -27.5996 116.85 -64.2129 -21.7601 -1.7694 18.4285 52.1751 -12.0296 7.00655 -9.59904 -40.6697 24.1394 20.4833 107.214 -32.6172 46.8555 -12.861 82.4509 -61.6953 -58.9135 138.339 7.14077 53.9753 71.1004 35.8358 -4.10236 212.27 48.0508 -7.16348 -32.6172 137.966 -36.0843 -42.6922 -284.428 88.4676 -180.171 54.5257 113.319 -261.212 -94.0619 72.586 -19.637 -56.7109 2.9077 17.8162 46.8555 -36.0843 66.6352 -11.7822 172.66 -58.9991 37.818 -12.0102 4.75692 131.659 13.0252 3.66851 -9.81923 -86.3791 -26.9268 -27.5996 -12.861 -42.6922 -11.7822 161.497 -75.9733 -23.437 49.9676 -22.1065 -16.7301 26.7643 5.97845 -43.1074 18.6454 -683.834 -114.365 116.85 82.4509 -284.428 172.66 -75.9733 2252.97 -714.736 735.399 -900.667 -421.204 1296.25 41.0962 -349.16 -77.9644 199.125 59.2268 -64.2129 -61.6953 88.4676 -58.9991 -23.437 -714.736 986.747 -63.9007 183.039 50.321 -242.303 6.02864 86.1837 70.687 -432.49 -108.361 -21.7601 -58.9135 -180.171 37.818 49.9676 735.399 -63.9007 861.454 -744.406 -463.284 456.374 93.7224 -299.108 10.6881 263.586 141.486 -1.7694 138.339 54.5257 -12.0102 -22.1065 -900.667 183.039 -744.406 1453.75 417.534 -374.501 134.926 395.094 45.9575 276.192 55.9293 18.4285 7.14077 113.319 4.75692 -16.7301 -421.204 50.321 -463.284 417.534 462.552 -192.716 -146.698 180.2 -20.8378 -613.495 -121.337 52.1751 53.9753 -261.212 131.659 26.7643 1296.25 -242.303 456.374 -374.501 -192.716 1674.7 134.203 -232.894 -35.8137 -152.664 -12.475 -12.0296 71.1004 -94.0619 13.0252 5.97845 41.0962 6.02864 93.7224 134.926 -146.698 134.203 334.327 -32.9233 29.4066 187.607 71.5334 7.00655 35.8358 72.586 3.66851 -43.1074 -349.16 86.1837 -299.108 395.094 180.2 -232.894 -32.9233 205.204 -2.16869 -33.2477 -8.33648 -9.59904 -4.10236 -19.637 -9.81923 18.6454 -77.9644 70.687 10.6881 45.9575 -20.8378 -35.8137 29.4066 -2.16869 36.8374
2530.23 -85.5413 214.811 434.181 -56.2606 316.793 -171.131 -1070.4 -593.907 708.635 448.059 398.084 -1970.11 -1422.2 -70.9726 -3.5344 -85.5413 104.606 1.48325 -70.3996 29.6496 -24.19 6.67362 174.108 86.9087 -97.9609 -108.583 24.5094 261.943 -24.4246 -58.3342 3.08455 214.811 1.48325 74.5943 74.2968 24.5175 63.0018 -12.9777 -319.098 -145.875 70.9512 68.3688 -9.34816 -373.191 -213.964 47.8554 1.61174 434.181 -70.3996 74.2968 188.656 -7.99983 109.641 -8.36446 -482.276 -283.151 251.677 237.297 -16.5675 -679.618 -246.041 98.9948 -7.05042 -56.2606 29.6496 24.5175 -7.99983 78.7225 1.64224 34.3276 -190.068 10.1818 -82.1225 -42.1327 2.85105 245.385 -74.7694 10.1862 -1.79127 316.793 -24.19 63.0018 109.641 1.64224 113.812 -0.0647712 -375.728 -201.99 162.775 153.268 -28.3405 -608.766 -257.845 77.8488 9.52389 -171.131 6.67362 -12.9777 -8.36446 34.3276 -0.0647712 104.042 -51.4147 4.73635 -43.6306 1.35331 -30.4941 412.867 82.4974 22.026 -2.61751 -1070.4 174.108 -319.098 -482.276 -190.068 -375.728 -51.4147 3000.33 857.838 -304.275 -431.471 62.3724 1863.31 1115.54 -377.733 -5.345 -593.907 86.9087 -145.875 -283.151 10.1818 -201.99 4.73635 857.838 885.166 -343.829 -273.885 99.4813 1045.4 494.214 -172.551 14.9226 708.635 -97.9609 70.9512 251.677 -82.1225 162.775 -43.6306 -304.275 -343.829 718.013 430.08 -37.992 -1311.19 -275.165 159.134 2.75789 448.059 -108.583 68.3688 237.297 -42.1327 153.268 1.35331 -431.471 -273.885 430.08 608.775 -78.6592 -1079.97 -121.768 179.915 -7.86008 398.084 24.5094 -9.34816 -16.5675 2.85105 -28.3405 -30.4941 62.3724 99.4813 -37.992 -78.6592 282.434 285.537 -160.14 -146.635 -9.84914 -1970.11 261.943 -373.191 -679.618 245.385 -608.766 412.867 1863.31 1045.4 -1311.19 -1079.97 285.537 8009.95 1290.5 -603.702 -102.851 -1422.2 -24.4246 -213.964 -246.041 -74.7694 -257.845 82.4974 1115.54 494.214 -275.165 -121.768 -160.14 1290.5 1313.33 -6.93401 -14.2067 -70.9726 -58.3342 47.8554 98.9948 10.1862 77.8488 22.026 -377.733 -172.551 159.134 179.915 -146.635 -603.702 -6.93401 213.492 8.66433 -3.5344 3.08455 1.61174 -7.05042 -1.79127 9.52389 -2.61751 -5.345 14.9226 2.75789 -7.86008 -9.84914 -102.851 -14.2067 8.66433 16.8698
672.76 -85.8651 97.0832 -48.0649 -34.2532 106.304 108.97 69.6965 -161.018 242.564 48.1618 133.618 -145.379 -2.29989 156.705 52.2618 -85.8651 61.7195 -1.04239 8.06722 4.93084 -10.8238 -24.2986 2.98461 -46.7216 -144.176 -48.6404 -3.33412 265.208 121.735 -38.4999 -16.497 97.0832 -1.04239 76.4827 3.95213 5.25376 34.184 16.1559 13.2879 -139.959 -30.754 -4.48062 21.6407 116.692 82.9302 33.7255 -2.631 -48.0649 8.06722 3.95213 58.3054 17.7039 -0.995117 6.34204 64.6404 -23.0114 -3.49384 -5.28278 14.6356 -98.0689 -19.3604 5.81579 0.023987 -34.2532 4.93084 5.25376 17.7039 39.0058 -3.54368 -4.42758 52.3766 15.909 -9.11471 -5.69216 7.2513 -24.7503 33.7486 -1.13321 3.21693 106.304 -10.8238 34.184 -0.995117 -3.54368 56.0345 20.6197 43.5705 -103.336 -27.5598 -4.69244 50.0711 44.8142 51.0604 19.3289 -10.8907 108.97 -24.2986 16.1559 6.34204 -4.42758 20.6197 85.6321 92.5417 -1.71945 135.853 14.1161 97.0298 -182.655 -110.051 31.5792 19.5826 69.6965 2.98461 13.2879 64.6404 52.3766 43.5705 92.5417 1049.55 174.123 285.104 -53.7664 422.957 -32.2011 59.9354 -46.073 39.2103 -161.018 -46.7216 -139.959 -23.0114 15.909 -103.336 -1.71945 174.123 1431.48 468.557 30.3391 141.571 -126.924 -260.718 -59.1564 43.6088 242.564 -144.176 -30.754 -3.49384 -9.11471 -27.5598 135.853 285.104 468.557 907.49 111.436 219.533 -1055.36 -631.741 98.2042 103.99 48.1618 -48.6404 -4.48062 -5.28278 -5.69216 -4.69244 14.1161 -53.7664 30.3391 111.436 304.272 -118 -217.091 -86.9503 63.2523 28.0887 133.618 -3.33412 21.6407 14.6356 7.2513 50.0711 97.0298 422.957 141.571 219.533 -118 559.732 66.9619 -16.37 -43.1576 10.1397 -145.379 265.208 116.692 -98.0689 -24.7503 44.8142 -182.655 -32.2011 -126.924 -1055.36 -217.091 66.9619 3430.77 1420.64 -184.713 -151.012 -2.29989 121.735 82.9302 -19.3604 33.7486 51.0604 -110.051 59.9354 -260.718 -631.741 -86.9503 -16.37 1420.64 1004.4 -63.4013 -54.3623 156.705 -38.4999 33.7255 5.81579 -1.13321 19.3289 31.5792 -46.073 -59.1564 98.2042 63.2523 -43.1576 -184.713 -63.4013 148.034 21.1089 52.2618 -16.497 -2.631 0.023987 3.21693 -10.8907 19.5826 39.2103 43.6088 103.99 28.0887 10.1397 -151.012 -54.3623 21.1089 33.3775
389.009 17.8538 74.5049 5.66597 11.8841 -14.0394 29.4036 19.1431 131.222 102.968 -4.96191 -82.6783 -89.5996 72.6076 -63.8765 -49.016 17.8538 42.8145 -19.3498 27.8524 3.07701 -5.39417 -35.7365 39.3841 -84.181 -2.91493 25.027 58.1119 -117.29 21.321 -11.6046 7.48259 74.5049 -19.3498 222.615 -115.619 6.19204 15.19 114.225 -335.899 594.257 1.01997 176.265 -134.987 823.709 -26.1688 -126.622 -48.2001 5.66597 27.8524 -115.619 124.321 7.4327 -22.9669 -102.277 176.056 -359.454 1.88739 -79.9901 108.196 -512.745 46.838 42.6676 25.3729 11.8841 3.07701 6.19204 7.4327 42.1972 3.76522 -9.18756 3.50925 24.7022 5.34656 56.273 -22.9996 69.2416 40.9556 -35.4638 -20.1447 -14.0394 -5.39417 15.19 -22.9669 3.76522 38.1365 9.12104 -61.7132 95.789 -25.3592 75.8301 -20.2674 166.689 -45.3283 -6.07142 -4.63619 29.4036 -35.7365 114.225 -102.277 -9.18756 9.12104 139.036 -172.2 344.872 -22.9874 15.4419 -101.813 478.372 -51.4402 -20.5004 -16.1322 19.1431 39.3841 -335.899 176.056 3.50925 -61.7132 -172.2 975.656 -1021.83 50.2172 -365.947 217.778 -1761.24 40.2573 228.676 62.709 131.222 -84.181 594.257 -359.454 24.7022 95.789 344.872 -1021.83 2016.73 -20.3556 562.965 -413.034 2675.8 -77.5239 -354.19 -134.674 102.968 -2.91493 1.01997 1.88739 5.34656 -25.3592 -22.9874 50.2172 -20.3556 594.941 78.0266 -223.408 -268.102 360.534 -204.109 -87.2727 -4.96191 25.027 176.265 -79.9901 56.273 75.8301 15.4419 -365.947 562.965 78.0266 658.886 -107.707 922.913 113.426 -300.542 -80.676 -82.6783 58.1119 -134.987 108.196 -22.9996 -20.2674 -101.813 217.778 -413.034 -223.408 -107.707 499.872 -482.297 -124.73 211.825 100.302 -89.5996 -117.29 823.709 -512.745 69.2416 166.689 478.372 -1761.24 2675.8 -268.102 922.913 -482.297 4965.76 -119.19 -508.547 -171.969 72.6076 21.321 -26.1688 46.838 40.9556 -45.3283 -51.4402 40.2573 -77.5239 360.534 113.426 -124.73 -119.19 503.139 -257.148 -83.1206 -63.8765 -11.6046 -126.622 42.6676 -35.4638 -6.07142 -20.5004 228.676 -354.19 -204.109 -300.542 211.825 -508.547 -257.148 332.696 85.6709 -49.016 7.48259 -48.2001 25.3729 -20.1447 -4.63619 -16.1322 62.709 -134.674 -87.2727 -80.676 100.302 -171.969 -83.1206 85.6709 56.5274
440.817 -47.8683 -48.9641 23.7201 -93.2681 -3.52793 9.37768 -237.412 -113.088 59.7731 -235.391 -144.248 -251.788 94.5191 23.2948 3.00825 -47.8683 40.9805 -1.74152 1.4812 32.8279 10.4938 5.82345 32.6883 17.5194 -18.864 73.1563 14.6025 -4.69623 -47.8578 13.6284 3.08461 -48.9641 -1.74152 55.688 19.7079 -15.9979 -8.43322 -0.827733 -45.4012 -1.056 39.6802 -58.7027 46.6385 -81.3713 52.0376 -37.0493 10.8236 23.7201 1.4812 19.7079 88.6967 8.45305 -2.15116 -3.39007 -187.302 -58.6344 57.3623 -57.3563 6.29373 -181.885 85.6002 21.0328 -28.9256 -93.2681 32.8279 -15.9979 8.45305 99.2725 19.3275 2.24873 73.308 90.6718 -16.1136 139.295 43.8226 132.398 -63.2805 23.6379 -28.9479 -3.52793 10.4938 -8.43322 -2.15116 19.3275 42.345 5.87436 23.5242 25.3254 19.3951 68.894 5.54555 -0.987427 -31.1241 -12.4407 -12.1701 9.37768 5.82345 -0.827733 -3.39007 2.24873 5.87436 48.4819 -21.1859 33.789 39.5522 3.97224 -33.3027 12.5865 -0.628973 19.0113 0.873396 -237.412 32.6883 -45.4012 -187.302 73.308 23.5242 -21.1859 1298.85 20.0765 -299.57 326.098 180.473 707.249 -386.195 -7.19644 60.0674 -113.088 17.5194 -1.056 -58.6344 90.6718 25.3254 33.789 20.0765 670.843 170.987 184.214 51.4669 101.196 -60.8259 -44.8421 -22.9867 59.7731 -18.864 39.6802 57.3623 -16.1136 19.3951 39.5522 -299.57 170.987 477.807 -212.837 -92.7543 -11.6348 226.503 -13.0842 -2.37749 -235.391 73.1563 -58.7027 -57.3563 139.295 68.894 3.97224 326.098 184.214 -212.837 764.89 146.006 86.6923 -354.022 8.31359 -42.7192 -144.248 14.6025 46.6385 6.29373 43.8226 5.54555 -33.3027 180.473 51.4669 -92.7543 146.006 265.763 -41.3471 -77.1767 -77.1223 -8.47309 -251.788 -4.69623 -81.3713 -181.885 132.398 -0.987427 12.5865 707.249 101.196 -11.6348 86.6923 -41.3471 2125.95 7.17393 67.6393 59.8156 94.5191 -47.8578 52.0376 85.6002 -63.2805 -31.1241 -0.628973 -386.195 -60.8259 226.503 -354.022 -77.1767 7.17393 440.834 -33.8447 13.1582 23.2948 13.6284 -37.0493 21.0328 23.6379 -12.4407 19.0113 -7.19644 -44.8421 -13.0842 8.31359 -77.1223 67.6393 -33.8447 144.436 -16.3468 3.00825 3.08461 10.8236 -28.9256 -28.9479 -12.1701 0.873396 60.0674 -22.9867 -2.37749 -42.7192 -8.47309 59.8156 13.1582 -16.3468 58.6563
309.101 -8.42604 28.021 11.7362 107.173 -56.0205 -101.543 133.89 6.82603 159.504 -68.3561 79.5858 477.362 -3.2226 -33.9249 -8.37496 -8.42604 57.8416 -11.6247 -6.68705 10.4424 12.2128 2.98986 25.2526 33.896 -31.3414 -17.1362 -46.7528 -75.7567 39.1198 47.0316 14.3138 28.021 -11.6247 46.7088 17.8281 15.5141 -24.863 -21.9163 -28.5696 20.0853 74.8056 -8.63548 -2.94077 64.6079 29.2479 3.3382 -5.68043 11.7362 -6.68705 17.8281 41.3199 -16.1637 -10.51 -1.67487 -23.8317 42.9415 57.0442 3.18323 5.77738 -18.4769 -9.13973 8.08815 -1.28215 107.173 10.4424 15.5141 -16.1637 154.971 -53.5107 -96.1061 76.6155 -38.7843 45.5471 -125.083 61.6708 340.294 15.0611 -43.6443 1.80866 -56.0205 12.2128 -24.863 -10.51 -53.5107 51.7301 65.4211 -14.1386 -7.47894 -59.9751 58.3513 -37.6669 -118.722 16.2145 39.1954 7.76643 -101.543 2.98986 -21.9163 -1.67487 -96.1061 65.4211 189.244 -78.5553 -27.1459 -14.9873 85.4697 -121.183 -156.562 120.009 45.5722 2.83167 133.89 25.2526 -28.5696 -23.8317 76.6155 -14.1386 -78.5553 506.665 165.088 86.602 -81.4519 -37.1411 247.109 -69.6934 -126.071 -14.3856 6.82603 33.896 20.0853 42.9415 -38.7843 -7.47894 -27.1459 165.088 554.281 80.7842 -101.993 -80.5052 156.326 -82.0221 -51.3901 6.73035 159.504 -31.3414 74.8056 57.0442 45.5471 -59.9751 -14.9873 86.602 80.7842 490.769 -11.6978 -122.398 575.815 163.492 -66.44 -34.7834 -68.3561 -17.1362 -8.63548 3.18323 -125.083 58.3513 85.4697 -81.4519 -101.993 -11.6978 484.025 -134.81 -169.255 203.773 54.6632 -29.8113 79.5858 -46.7528 -2.94077 5.77738 61.6708 -37.6669 -121.183 -37.1411 -80.5052 -122.398 -134.81 478.021 127.367 -281.897 -22.326 9.78193 477.362 -75.7567 64.6079 -18.4769 340.294 -118.722 -156.562 247.109 156.326 575.815 -169.255 127.367 5538.04 565.095 -486.289 -21.6621 -3.2226 39.1198 29.2479 -9.13973 15.0611 16.2145 120.009 -69.6934 -82.0221 163.492 203.773 -281.897 565.095 694.097 20.0805 -23.1378 -33.9249 47.0316 3.3382 8.08815 -43.6443 39.1954 45.5722 -126.071 -51.3901 -66.44 54.6632 -22.326 -486.289 20.0805 229.544 22.5462 -8.37496 14.3138 -5.68043 -1.28215 1.80866 7.76643 2.83167 -14.3856 6.73035 -34.7834 -29.8113 9.78193 -21.6621 -23.1378 22.5462 20.3435
255.751 18.5559 34.1048 2.52846 14.2655 -3.20878 51.0281 60.4352 -3.67498 44.2812 64.8031 115.862 294.907 7.98143 -1.4977 -14.1979 18.5559 129.473 27.2652 -41.844 -10.7062 -14.3927 33.4124 55.2802 78.0204 125.725 87.1146 169.071 127.441 -5.19436 50.5007 15.771 34.1048 27.2652 39.4808 -11.5221 -4.1928 -13.2401 6.11272 115.726 -11.025 63.0233 39.4489 43.4945 115.139 -11.3519 5.21713 -1.80336 2.52846 -41.844 -11.5221 47.8063 -4.80699 11.8087 -17.6128 -105.029 7.33408 -68.6134 -81.0385 -92.446 -136.639 -28.1669 21.5121 -11.7731 14.2655 -10.7062 -4.1928 -4.80699 93.9266 -3.99484 26.8592 83.0921 -49.0445 -92.7834 112.051 -9.78756 172.56 51.4879 -33.0542 10.4019 -3.20878 -14.3927 -13.2401 11.8087 -3.99484 24.2806 -6.5286 -85.2064 6.08128 -46.9067 -46.906 -26.219 -123.891 19.504 -7.74601 -3.6821 51.0281 33.4124 6.11272 -17.6128 26.8592 -6.5286 102.551 121.252 12.953 0.508241 123.772 80.4525 343.844 8.74269 -12.7029 9.63281 60.4352 55.2802 115.726 -105.029 83.0921 -85.2064 121.252 1227.32 -205.096 176.796 512.322 97.0674 1245.08 92.5227 -146.256 39.7634 -3.67498 78.0204 -11.025 7.33408 -49.0445 6.08128 12.953 -205.096 594.791 -112.689 17.3986 130.89 -357.02 86.6365 72.7332 1.22889 44.2812 125.725 63.0233 -68.6134 -92.7834 -46.9067 0.508241 176.796 -112.689 615.168 10.8385 312.404 431.874 -176.366 80.7983 2.0911 64.8031 87.1146 39.4489 -81.0385 112.051 -46.906 123.772 512.322 17.3986 10.8385 668.476 161.708 908.527 155.882 -125.606 39.5994 115.862 169.071 43.4945 -92.446 -9.78756 -26.219 80.4525 97.0674 130.89 312.404 161.708 661.994 594.497 12.2336 30.9002 16.0381 294.907 127.441 115.139 -136.639 172.56 -123.891 343.844 1245.08 -357.02 431.874 908.527 594.497 3719.87 -33.7405 -236.105 47.2791 7.98143 -5.19436 -11.3519 -28.1669 51.4879 19.504 8.74269 92.5227 86.6365 -176.366 155.882 12.2336 -33.7405 493.187 -149.515 5.94102 -1.4977 50.5007 5.21713 21.5121 -33.0542 -7.74601 -12.7029 -146.256 72.7332 80.7983 -125.606 30.9002 -236.105 -149.515 180.415 -1.07369 -14.1979 15.771 -1.80336 -11.7731 10.4019 -3.6821 9.63281 39.7634 1.22889 2.0911 39.5994 16.0381 47.2791 5.94102 -1.07369 19.9099
828.359 15.9241 -91.754 18.5511 9.10889 43.0578 144.028 -417.349 553.766 345.558 -237.869 354.42 935.505 23.1 23.9599 30.1693 15.9241 72.4062 7.87997 3.81639 -14.4274 10.0749 -0.294775 -80.6265 53.3155 5.69702 -6.5926 -22.0894 -144.259 45.4162 11.1093 -19.2091 -91.754 7.87997 37.4394 -1.4529 -7.13332 -9.37508 -28.1567 62.8996 -21.9854 -7.77165 4.39257 -64.8937 -190.299 -18.2034 4.09856 -8.04403 18.5511 3.81639 -1.4529 58.4292 -6.5981 -0.949406 -17.7178 3.73676 -125.593 -26.176 41.7823 -65.8965 -64.8507 -33.1855 -6.46644 18.7846 9.10889 -14.4274 -7.13332 -6.5981 51.9426 4.87027 10.7315 -17.331 32.0269 7.77827 20.7275 25.7417 49.1097 -26.5197 17.9389 19.3321 43.0578 10.0749 -9.37508 -0.949406 4.87027 29.8916 18.8211 -69.5912 10.6502 -6.14522 -6.26816 33.7613 61.5609 59.8978 3.51737 -1.79413 144.028 -0.294775 -28.1567 -17.7178 10.7315 18.8211 117.723 -172.992 200.141 67.6722 -84.5651 101.678 235.63 29.3094 8.22147 -14.0893 -417.349 -80.6265 62.8996 3.73676 -17.331 -69.5912 -172.992 860.988 -641.781 -202.656 326.395 -296.044 -267.954 -196.487 -24.4668 36.7308 553.766 53.3155 -21.9854 -125.593 32.0269 10.6502 200.141 -641.781 1804.36 488.726 -665.846 462.309 392.021 121.439 103.303 -43.7871 345.558 5.69702 -7.77165 -26.176 7.77827 -6.14522 67.6722 -202.656 488.726 728.548 -168.324 114.976 572.451 -98.9501 64.8685 -19.8708 -237.869 -6.5926 4.39257 41.7823 20.7275 -6.26816 -84.5651 326.395 -665.846 -168.324 644.038 -367.648 -430.969 -89.6736 0.212176 28.5292 354.42 -22.0894 -64.8937 -65.8965 25.7417 33.7613 101.678 -296.044 462.309 114.976 -367.648 734.761 833.279 97.7593 34.0384 14.57 935.505 -144.259 -190.299 -64.8507 49.1097 61.5609 235.63 -267.954 392.021 572.451 -430.969 833.279 3157.86 54.8205 29.1041 76.4431 23.1 45.4162 -18.2034 -33.1855 -26.5197 59.8978 29.3094 -196.487 121.439 -98.9501 -89.6736 97.7593 54.8205 354.514 -6.54227 -43.3396 23.9599 11.1093 4.09856 -6.46644 17.9389 3.51737 8.22147 -24.4668 103.303 64.8685 0.212176 34.0384 29.1041 -6.54227 62.328 2.87535 30.1693 -19.2091 -8.04403 18.7846 19.3321 -1.79413 -14.0893 36.7308 -43.7871 -19.8708 28.5292 14.57 76.4431 -43.3396 2.87535 48.6658
546.481 -91.5131 10.9491 30.1331 -92.9019 -3.28894 -54.0793 9.27435 20.6716 79.8742 -138.096 315.647 797.235 47.8734 21.9907 -2.51034 -91.5131 64.5427 6.99193 -12.1713 12.7083 -11.3954 22.8148 60.5198 8.3298 -19.1374 -6.5085 -120.773 -132.099 -66.8498 -47.6299 -3.97904 10.9491 6.99193 32.5855 -23.1571 -5.44956 -1.74017 13.3659 -17.7569 5.16718 29.0025 -32.466 -51.7916 55.8124 5.11061 -41.9116 -1.68274 30.1331 -12.1713 -23.1571 106.903 5.92 1.72577 -28.1228 116.14 82.9794 -26.1225 -16.0077 248.114 -51.1632 110.756 69.7126 4.91615 -92.9019 12.7083 -5.44956 5.92 71.6887 5.41416 11.9256 60.6116 -1.8444 -4.47658 35.3797 -70.0077 -339.701 -11.1434 -26.4748 -1.29187 -3.28894 -11.3954 -1.74017 1.72577 5.41416 32.8796 -0.0905903 -7.26955 -39.5025 -11.2899 29.3513 4.68596 -42.4005 86.459 0.59639 3.61563 -54.0793 22.8148 13.3659 -28.1228 11.9256 -0.0905903 84.5674 86.7357 37.1272 50.8237 -1.25165 -158.629 -172.075 -77.1381 -69.8985 -11.9849 9.27435 60.5198 -17.7569 116.14 60.6116 -7.26955 86.7357 897.881 170.904 113.254 -66.878 30.5193 -788.674 -152.054 -88.3199 -57.7387 20.6716 8.3298 5.16718 82.9794 -1.8444 -39.5025 37.1272 170.904 660.169 166.971 -108.888 215.096 -64.0552 16.407 -59.2297 18.8976 79.8742 -19.1374 29.0025 -26.1225 -4.47658 -11.2899 50.8237 113.254 166.971 414.424 -137.226 -51.3342 -259.771 -155.523 -130.787 -2.09432 -138.096 -6.5085 -32.466 -16.0077 35.3797 29.3513 -1.25165 -66.878 -108.888 -137.226 386.547 -125.607 -32.1004 62.2586 94.4669 -8.49716 315.647 -120.773 -51.7916 248.114 -70.0077 4.68596 -158.629 30.5193 215.096 -51.3342 -125.607 1127.55 820.343 509.006 324.348 47.7643 797.235 -132.099 55.8124 -51.1632 -339.701 -42.4005 -172.075 -788.674 -64.0552 -259.771 -32.1004 820.343 4465.94 607.342 295.801 34.6905 47.8734 -66.8498 5.11061 110.756 -11.1434 86.459 -77.1381 -152.054 16.407 -155.523 62.2586 509.006 607.342 828.246 155.436 42.7202 21.9907 -47.6299 -41.9116 69.7126 -26.4748 0.59639 -69.8985 -88.3199 -59.2297 -130.787 94.4669 324.348 295.801 155.436 266.325 12.2572 -2.51034 -3.97904 -1.68274 4.91615 -1.29187 3.61563 -11.9849 -57.7387 18.8976 -2.09432 -8.49716 47.7643 34.6905 42.7202 12.2572 27.1698
913.606 -83.0912 34.1167 39.3599 103.511 2.95285 -57.8471 718.65 611.775 203.757 59.0895 137.105 -1432.33 164.027 -223.872 28.2938 -83.0912 64.2327 -16.2374 0.34399 -33.8438 -6.7361 -40.4102 -152.009 -37.3448 23.1009 -32.1433 -7.70472 232.07 48.6099 27.5859 -5.24891 34.1167 -16.2374 73.9318 -18.9341 52.8922 20.9614 33.6736 159.564 -6.37233 14.8371 -53.8659 15.8346 -227.037 -43.3802 -13.2249 6.94849 39.3599 0.34399 -18.9341 56.8015 -31.7607 -4.89249 4.46957 -25.5093 7.40396 13.2798 52.0662 24.4431 -10.0575 26.1658 -1.60074 -3.94423 103.511 -33.8438 52.8922 -31.7607 110.793 20.1049 34.6015 302.363 101.948 31.7539 -75.0024 33.5887 -306.821 -37.5153 -67.0982 9.95086 2.95285 -6.7361 20.9614 -4.89249 20.1049 31.1707 1.32506 44.1754 -17.3645 3.15068 -17.1035 -0.044326 -59.7651 -5.93477 4.86907 2.30153 -57.8471 -40.4102 33.6736 4.46957 34.6015 1.32506 144.619 120.414 -28.0822 -51.9391 -6.32831 -5.00542 -131.151 -133.801 -16.2065 4.48927 718.65 -152.009 159.564 -25.5093 302.363 44.1754 120.414 1571.25 637.138 140.805 -246.481 296.443 -1632.81 -40.7034 -295.32 23.7679 611.775 -37.3448 -6.37233 7.40396 101.948 -17.3645 -28.0822 637.138 990.454 182.114 -13.8808 107.79 -1077.9 131.252 -189.473 11.9434 203.757 23.1009 14.8371 13.2798 31.7539 3.15068 -51.9391 140.805 182.114 321.213 -80.6876 92.0397 -253.438 183.582 -78.0988 0.0475564 59.0895 -32.1433 -53.8659 52.0662 -75.0024 -17.1035 -6.32831 -246.481 -13.8808 -80.6876 436.953 -160.116 -61.5586 -106.796 66.0926 20.0281 137.105 -7.70472 15.8346 24.4431 33.5887 -0.044326 -5.00542 296.443 107.79 92.0397 -160.116 332.406 -88.3065 179.639 -109.82 -15.1738 -1432.33 232.07 -227.037 -10.0575 -306.821 -59.7651 -131.151 -1632.81 -1077.9 -253.438 -61.5586 -88.3065 3798.18 286.455 331.012 -83.2561 164.027 48.6099 -43.3802 26.1658 -37.5153 -5.93477 -133.801 -40.7034 131.252 183.582 -106.796 179.639 286.455 734.548 -148.147 -20.3024 -223.872 27.5859 -13.2249 -1.60074 -67.0982 4.86907 -16.2065 -295.32 -189.473 -78.0988 66.0926 -109.82 331.012 -148.147 195.176 -0.324225 28.2938 -5.24891 6.94849 -3.94423 9.95086 2.30153 4.48927 23.7679 11.9434 0.0475564 20.0281 -15.1738 -83.2561 -20.3024 -0.324225 15.9536
390.424 7.24052 -4.3748 -27.3476 -6.64193 5.3464 16.6909 -180.242 -184.241 -22.9996 -317.944 -135.915 -121.69 -281.736 123.33 5.66974 7.24052 50.7267 -6.85412 -6.73144 1.14847 -1.80144 1.67301 -59.9101 21.0216 -15.8082 -139.945 -12.6645 60.8039 -36.9953 -3.00256 8.64031 -4.3748 -6.85412 86.6957 -24.776 -1.35795 -4.7384 -7.96164 -8.11924 -153.016 52.3024 120 -173.143 -307.676 16.3958 9.15892 1.50952 -27.3476 -6.73144 -24.776 77.7387 -15.7179 -11.4505 -28.0528 6.69323 175.654 -19.6681 39.2093 139.625 25.7361 24.7182 -48.6388 -3.00524 -6.64193 1.14847 -1.35795 -15.7179 38.7278 6.5926 11.2582 30.8699 -77.7561 25.718 -11.7303 -17.8598 71.7664 23.1081 -25.5471 1.97083 5.3464 -1.80144 -4.7384 -11.4505 6.5926 26.1039 19.9861 28.4373 -51.8106 17.7891 -36.5434 -3.11394 63.2161 -28.0214 7.27245 7.77746 16.6909 1.67301 -7.96164 -28.0528 11.2582 19.9861 111.058 -28.3819 -117.889 36.3282 -66.111 -53.7099 7.64246 -11.8755 40.0159 -1.74899 -180.242 -59.9101 -8.11924 6.69323 30.8699 28.4373 -28.3819 1019.25 36.3706 176.945 379.024 130.277 121.029 250.708 -108.781 3.55118 -184.241 21.0216 -153.016 175.654 -77.7561 -51.8106 -117.889 36.3706 1349.16 -248.982 12.4681 763.374 575.279 155.369 -158.935 -38.4775 -22.9996 -15.8082 52.3024 -19.6681 25.718 17.7891 36.3282 176.945 -248.982 424.847 -39.442 -100.144 -346.763 61.9527 -77.6728 13.8072 -317.944 -139.945 120 39.2093 -11.7303 -36.5434 -66.111 379.024 12.4681 -39.442 1363.35 -0.437597 -587.958 576.443 -101.66 -44.2607 -135.915 -12.6645 -173.143 139.625 -17.8598 -3.11394 -53.7099 130.277 763.374 -100.144 -0.437597 795.425 674.904 170.696 -161.219 -22.1589 -121.69 60.8039 -307.676 25.7361 71.7664 63.2161 7.64246 121.029 575.279 -346.763 -587.958 674.904 2725.46 -62.5442 -65.546 -20.9444 -281.736 -36.9953 16.3958 24.7182 23.1081 -28.0214 -11.8755 250.708 155.369 61.9527 576.443 170.696 -62.5442 597.639 -153.675 -51.0156 123.33 -3.00256 9.15892 -48.6388 -25.5471 7.27245 40.0159 -108.781 -158.935 -77.6728 -101.66 -161.219 -65.546 -153.675 214.2 0.203879 5.66974 8.64031 1.50952 -3.00524 1.97083 7.77746 -1.74899 3.55118 -38.4775 13.8072 -44.2607 -22.1589 -20.9444 -51.0156 0.203879 22.769
316.89 24.8304 -4.26856 30.3404 30.1985 -8.18645 2.48599 -53.3748 -152.442 41.2682 50.0784 -103.508 -245.413 56.3769 19.972 3.6426 24.8304 48.3135 2.73075 -1.04872 -5.09097 1.39174 -7.15336 -29.3745 -32.0254 45.1431 52.6036 -54.3104 -23.5171 41.0491 -9.01567 12.2171 -4.26856 2.73075 23.1405 6.19004 -2.91612 -3.63302 -14.5773 21.7607 -3.30414 -30.7433 -9.43837 -37.2937 78.6101 4.49921 17.5547 -6.50111 30.3404 -1.04872 6.19004 46.5033 12.2091 -5.69376 7.61305 62.0707 -26.975 -9.52752 -11.253 7.96936 -63.1487 22.832 25.175 6.39392 30.1985 -5.09097 -2.91612 12.2091 32.1709 -2.32483 10.6824 5.64976 -41.0369 0.291744 -1.8859 4.68171 -90.4159 7.6419 6.73284 -3.08731 -8.18645 1.39174 -3.63302 -5.69376 -2.32483 23.3867 -17.4894 -40.4987 84.5199 -7.82703 38.1705 -19.7448 -94.6754 1.7999 -19.2638 4.22728 2.48599 -7.15336 -14.5773 7.61305 10.6824 -17.4894 107.445 62.6553 -112.592 57.7029 -39.62 75.6435 9.50705 4.35773 26.2094 13.8102 -53.3748 -29.3745 21.7607 62.0707 5.64976 -40.4987 62.6553 671.779 -214.577 37.5688 -128.216 93.1417 305.764 113.83 83.5801 31.9605 -152.442 -32.0254 -3.30414 -26.975 -41.0369 84.5199 -112.592 -214.577 1053.82 -159.919 57.1098 163.09 -192.556 -217.521 -70.991 -31.8315 41.2682 45.1431 -30.7433 -9.52752 0.291744 -7.82703 57.7029 37.5688 -159.919 340.894 63.9957 77.8221 -191.187 48.1548 -24.1442 37.2479 50.0784 52.6036 -9.43837 -11.253 -1.8859 38.1705 -39.62 -128.216 57.1098 63.9957 379.308 -110.476 -403.937 31.8773 -69.038 38.9435 -103.508 -54.3104 -37.2937 7.96936 4.68171 -19.7448 75.6435 93.1417 163.09 77.8221 -110.476 647.439 -195.897 -161.809 16.0382 1.60428 -245.413 -23.5171 78.6101 -63.1487 -90.4159 -94.6754 9.50705 305.764 -192.556 -191.187 -403.937 -195.897 2188.75 11.6848 137.626 -96.4034 56.3769 41.0491 4.49921 22.832 7.6419 1.7999 4.35773 113.83 -217.521 48.1548 31.8773 -161.809 11.6848 235.134 4.91963 31.0622 19.972 -9.01567 17.5547 25.175 6.73284 -19.2638 26.2094 83.5801 -70.991 -24.1442 -69.038 16.0382 137.626 4.91963 107.791 -14.0999 3.6426 12.2171 -6.50111 6.39392 -3.08731 4.22728 13.8102 31.9605 -31.8315 37.2479 38.9435 1.60428 -96.4034 31.0622 -14.0999 30.0586
504.33 42.4519 -106.548 -214.054 -87.2453 -136.531 -72.5702 -217.279 221.964 -12.7348 -3.91097 247.404 1266.08 199.21 60.6526 -16.5599 42.4519 70.1877 -17.3202 -22.7257 -19.7711 -20.997 -9.57937 -14.5388 27.7294 -35.2396 -37.9429 -18.409 96.2804 100.965 18.2463 -10.0028 -106.548 -17.3202 117.088 137.795 20.2237 59.0388 68.3138 63.6074 -85.8141 -26.0882 61.7102 -280.717 -566.187 -29.5365 -16.2172 -13.8258 -214.054 -22.7257 137.795 294.702 54.0853 140.152 109.09 115.869 -98.1 -47.7536 83.0192 -479.251 -1281.63 -153.688 -75.3764 -30.1985 -87.2453 -19.7711 20.2237 54.0853 62.8071 28.8503 19.7728 103.01 -88.1515 44.1111 37.6653 -23.0002 -276.132 -40.2948 -10.2778 9.17131 -136.531 -20.997 59.0388 140.152 28.8503 120.948 77.1202 104.251 -14.8299 -72.1243 60.0496 -277.636 -713.981 -53.8692 -72.5681 -15.8657 -72.5702 -9.57937 68.3138 109.09 19.7728 77.1202 169.142 158.981 -36.4129 -134.238 70.69 -288.211 -509.499 47.0091 -8.57366 -26.1373 -217.279 -14.5388 63.6074 115.869 103.01 104.251 158.981 984.452 -254.681 -16.526 79.5529 -123.324 -845.02 181.753 -14.9347 27.5064 221.964 27.7294 -85.8141 -98.1 -88.1515 -14.8299 -36.4129 -254.681 781.059 -187.181 -103.945 36.2688 916.554 152.778 -36.3134 -10.9687 -12.7348 -35.2396 -26.0882 -47.7536 44.1111 -72.1243 -134.238 -16.526 -187.181 403.142 -15.9087 343.681 153.202 -202.455 20.5951 33.997 -3.91097 -37.9429 61.7102 83.0192 37.6653 60.0496 70.69 79.5529 -103.945 -15.9087 616.624 -266.622 -503 -75.3874 62.6379 -18.7683 247.404 -18.409 -280.717 -479.251 -23.0002 -277.636 -288.211 -123.324 36.2688 343.681 -266.622 1335.82 2165.09 22.8451 131.514 116.784 1266.08 96.2804 -566.187 -1281.63 -276.132 -713.981 -509.499 -845.02 916.554 153.202 -503 2165.09 7787.51 933.456 439.015 110.158 199.21 100.965 -29.5365 -153.688 -40.2948 -53.8692 47.0091 181.753 152.778 -202.455 -75.3874 22.8451 933.456 683.175 81.0861 -6.30062 60.6526 18.2463 -16.2172 -75.3764 -10.2778 -72.5681 -8.57366 -14.9347 -36.3134 20.5951 62.6379 131.514 439.015 81.0861 125.226 9.86258 -16.5599 -10.0028 -13.8258 -30.1985 9.17131 -15.8657 -26.1373 27.5064 -10.9687 33.997 -18.7683 116.784 110.158 -6.30062 9.86258 31.6392
745.652 -47.5462 63.0165 256.264 -21.4951 80.3693 -28.4936 -4.80375 -161.269 -296.804 149.162 -35.8869 -225.963 -346.949 31.7926 -14.3279 -47.5462 30.6476 0.743786 -13.247 -0.299277 -9.07943 -3.25625 22.774 -40.2257 22.9814 -9.98863 -3.31629 38.4601 21.4204 -9.73737 1.5304 63.0165 0.743786 37.4905 28.2281 0.917833 9.20132 -2.69269 15.0519 -11.691 -17.985 11.4607 1.53819 -33.1867 -23.4728 4.01764 -7.1538 256.264 -13.247 28.2281 184.308 -4.39085 48.0741 -54.5964 147.989 -41.9138 -177.633 148.065 42.1708 -113.698 -252.122 15.5303 -6.09783 -21.4951 -0.299277 0.917833 -4.39085 44.3992 -5.69753 -14.1463 16.2774 -30.6442 -8.60874 -9.26613 3.1304 -58.9048 -13.9116 11.3062 0.0614145 80.3693 -9.07943 9.20132 48.0741 -5.69753 34.7179 -14.0761 10.6986 39.8931 -50.6277 29.7751 14.3373 -13.6932 -63.5677 2.57136 -3.73316 -28.4936 -3.25625 -2.69269 -54.5964 -14.1463 -14.0761 135.307 -43.3454 18.2607 97.2603 -84.783 -0.494319 -19.0641 88.2334 26.2606 -9.59283 -4.80375 22.774 15.0519 147.989 16.2774 10.6986 -43.3454 547.427 -36.1076 -124.271 206.214 113.37 -131.493 -226.53 5.78169 3.63034 -161.269 -40.2257 -11.691 -41.9138 -30.6442 39.8931 18.2607 -36.1076 879.975 85.2306 -43.8897 76.1915 145.922 78.8867 18.5059 -39.4349 -296.804 22.9814 -17.985 -177.633 -8.60874 -50.6277 97.2603 -124.271 85.2306 378.67 -181.319 -7.29331 76.6555 270.553 -6.77692 -5.35027 149.162 -9.98863 11.4607 148.065 -9.26613 29.7751 -84.783 206.214 -43.8897 -181.319 432.797 102.558 -143.922 -287.961 -18.2921 6.01715 -35.8869 -3.31629 1.53819 42.1708 3.1304 14.3373 -0.494319 113.37 76.1915 -7.29331 102.558 247.382 -55.9249 -79.6378 -10.1039 0.0768296 -225.963 38.4601 -33.1867 -113.698 -58.9048 -13.6932 -19.0641 -131.493 145.922 76.6555 -143.922 -55.9249 868.511 251.384 -70.4812 8.38599 -346.949 21.4204 -23.4728 -252.122 -13.9116 -63.5677 88.2334 -226.53 78.8867 270.553 -287.961 -79.6378 251.384 641.08 -20.3746 3.24344 31.7926 -9.73737 4.01764 15.5303 11.3062 2.57136 26.2606 5.78169 18.5059 -6.77692 -18.2921 -10.1039 -70.4812 -20.3746 60.5868 -8.32852 -14.3279 1.5304 -7.1538 -6.09783 0.0614145 -3.73316 -9.59283 3.63034 -39.4349 -5.35027 6.01715 0.0768296 8.38599 3.24344 -8.32852 15.4812
449.187 18.4168 -2.0766 1.31115 12.1531 -2.28298 85.9747 -240.241 25.4549 -26.7501 112.939 -40.7293 -383.275 -53.8512 -65.902 26.9538 18.4168 78.3598 -24.6616 -1.50194 -26.0724 7.12556 41.8627 -31.4295 -98.8496 -90.8109 14.0832 -19.556 -54.8799 -83.9363 28.5732 17.3398 -2.0766 -24.6616 42.5721 -9.62726 22.9571 -0.419964 -8.94517 58.0178 36.9195 59.8366 43.4738 -31.3523 0.00674606 58.1646 -48.1123 -5.53328 1.31115 -1.50194 -9.62726 46.8826 -17.083 -3.54663 1.48705 -16.2596 38.8485 -30.1431 -14.9661 60.393 110.382 -56.7902 34.2987 8.31136 12.1531 -26.0724 22.9571 -17.083 67.4484 -8.80734 4.30744 75.5595 52.0393 106.022 26.4098 -37.5245 -2.80932 86.6449 -44.7889 0.377802 -2.28298 7.12556 -0.419964 -3.54663 -8.80734 41.6408 17.4847 37.0622 -78.1933 -17.5593 -9.57571 -8.64828 11.2284 -2.66426 17.6887 0.173526 85.9747 41.8627 -8.94517 1.48705 4.30744 17.4847 132.927 52.9294 -61.9046 9.00382 10.7078 -49.4221 -155.159 -56.0879 6.08463 32.0763 -240.241 -31.4295 58.0178 -16.2596 75.5595 37.0622 52.9294 1125.98 125.016 361.393 101.662 -4.54461 400.578 154.591 5.25706 63.9554 25.4549 -98.8496 36.9195 38.8485 52.0393 -78.1933 -61.9046 125.016 1406.97 391.737 380.959 -24.7033 -691.295 303.789 -103.489 -11.1485 -26.7501 -90.8109 59.8366 -30.1431 106.022 -17.5593 9.00382 361.393 391.737 503.337 141.717 -65.7131 -170.638 294.978 -104.278 15.2409 112.939 14.0832 43.4738 -14.9661 26.4098 -9.57571 10.7078 101.662 380.959 141.717 560.933 -115.976 -387.383 181.884 -140 2.97043 -40.7293 -19.556 -31.3523 60.393 -37.5245 -8.64828 -49.4221 -4.54461 -24.7033 -65.7131 -115.976 282.632 394.886 -136.701 111.689 19.0357 -383.275 -54.8799 0.00674606 110.382 -2.80932 11.2284 -155.159 400.578 -691.295 -170.638 -387.383 394.886 3086.91 -296.886 168.852 53.5396 -53.8512 -83.9363 58.1646 -56.7902 86.6449 -2.66426 -56.0879 154.591 303.789 294.978 181.884 -136.701 -296.886 473.382 -134.841 -42.4334 -65.902 28.5732 -48.1123 34.2987 -44.7889 17.6887 6.08463 5.25706 -103.489 -104.278 -140 111.689 168.852 -134.841 161.861 13.7934 26.9538 17.3398 -5.53328 8.31136 0.377802 0.173526 32.0763 63.9554 -11.1485 15.2409 2.97043 19.0357 53.5396 -42.4334 13.7934 32.8079
