7.28491 1.22468 -3.89798 1.02226 1.31722 4.13305 -4.41056 -1.4056 -0.849349 1.04067 0.0209869 0.0724411 0.242434 0.441793 0.274955 -6.48746 1.22468 17.0336 3.23134 -14.3826 0.308979 -8.33533 -12.7784 -3.17987 -0.847387 -0.815736 -0.193324 -0.822521 0.472763 -0.215475 -1.46449 9.61909 -3.89798 3.23134 19.755 -7.05476 -4.19265 -24.5052 0.419185 -3.94769 0.0324579 0.390568 -0.677139 -1.44402 -0.33265 -0.62024 -5.90746 21.1955 1.02226 -14.3826 -7.05476 32.9313 -0.54354 7.51575 8.41436 5.49741 0.209544 0.256671 0.296944 -0.706751 -0.0798745 0.767574 -0.647995 -3.17498 1.31722 0.308979 -4.19265 -0.54354 3.58231 3.2628 -2.01004 0.00703302 0.0813499 -0.30776 0.0401818 1.41274 -0.152257 0.035862 0.33232 -4.51735 4.13305 -8.33533 -24.5052 7.51575 3.2628 66.4562 3.94912 2.18036 0.634471 0.672497 -0.172766 2.03862 0.980543 0.214972 11.7549 -64.2499 -4.41056 -12.7784 0.419185 8.41436 -2.01004 3.94912 16.7499 1.56518 1.08503 0.183003 0.291337 -1.50956 -0.068407 -0.287305 1.52621 -3.85665 -1.4056 -3.17987 -3.94769 5.49741 0.00703302 2.18036 1.56518 11.2933 0.695029 0.575871 -0.430982 -0.223679 -0.0246839 0.0381806 -3.38661 -0.545961 -0.849349 -0.847387 0.0324579 0.209544 0.0813499 0.634471 1.08503 0.695029 1.7049 -0.567971 -0.0204631 0.265387 -0.146375 -0.0309964 0.243066 -1.23368 1.04067 -0.815736 0.390568 0.256671 -0.30776 0.672497 0.183003 0.575871 -0.567971 3.65002 -0.149325 -0.766564 0.0245262 -0.507235 -0.834741 -0.9735 0.0209869 -0.193324 -0.677139 0.296944 0.0401818 -0.172766 0.291337 -0.430982 -0.0204631 -0.149325 0.754177 0.109674 -0.181874 -0.210254 0.0835647 0.806461 0.0724411 -0.822521 -1.44402 -0.706751 1.41274 2.03862 -1.50956 -0.223679 0.265387 -0.766564 0.109674 3.37969 -0.172711 0.197388 0.169374 -3.52562 0.242434 0.472763 -0.33265 -0.0798745 -0.152257 0.980543 -0.068407 -0.0246839 -0.146375 0.0245262 -0.181874 -0.172711 0.48715 -0.0230893 -0.316903 -0.409695 0.441793 -0.215475 -0.62024 0.767574 0.035862 0.214972 -0.287305 0.0381806 -0.0309964 -0.507235 -0.210254 0.197388 -0.0230893 0.797896 0.268622 -0.448388 0.274955 -1.46449 -5.90746 -0.647995 0.33232 11.7549 1.52621 -3.38661 0.243066 -0.834741 0.0835647 0.169374 -0.316903 0.268622 20.1463 -22.9211 -6.48746 9.61909 21.1955 -3.17498 -4.51735 -64.2499 -3.85665 -0.545961 -1.23368 -0.9735 0.806461 -3.52562 -0.409695 -0.448388 -22.9211 79.2191
8.3086 1.57993 -5.43646 -0.865055 1.92722 7.08943 -4.88301 -0.984934 -1.08859 0.960664 -0.092899 0.0441563 0.194388 0.431844 1.13993 -10.0675 1.57993 13.9167 3.12243 -11.6068 0.0588531 -8.31838 -11.0701 -3.00028 -0.242648 -0.789067 -0.130274 -0.745437 0.323934 0.0211019 0.706064 7.48249 -5.43646 3.12243 22.3248 -3.41872 -4.97364 -26.0898 1.42348 -4.37096 0.293756 0.099263 -0.899762 -1.93214 -0.186541 -0.408724 -6.68295 22.8974 -0.865055 -11.6068 -3.41872 28.2582 -1.0341 8.11148 7.37301 3.58735 0.0124053 0.654209 0.128073 -0.283158 -0.539833 0.0651647 -1.4452 -3.73244 1.92722 0.0588531 -4.97364 -1.0341 3.89003 2.8111 -1.83794 0.227855 -0.0596695 -0.276645 0.0519879 1.15552 -0.0784174 -0.0311163 0.181061 -3.8955 7.08943 -8.31838 -26.0898 8.11148 2.8111 73.8936 0.511685 0.345493 -0.164641 1.03202 0.326135 3.08645 0.561829 -0.148897 13.5777 -71.6605 -4.88301 -11.0701 1.42348 7.37301 -1.83794 0.511685 15.9703 1.12668 0.820213 0.0313231 0.14734 -1.53936 -0.0712039 -0.00441914 -1.11068 1.36038 -0.984934 -3.00028 -4.37096 3.58735 0.227855 0.345493 1.12668 11.1241 0.183936 0.83667 -0.214634 0.642789 0.0403633 -0.121739 -3.09172 0.892287 -1.08859 -0.242648 0.293756 0.0124053 -0.0596695 -0.164641 0.820213 0.183936 1.82381 -0.481636 0.0570714 0.173604 -0.198573 -0.0678088 0.0595695 0.193556 0.960664 -0.789067 0.099263 0.654209 -0.276645 1.03202 0.0313231 0.83667 -0.481636 3.45079 -0.339703 -0.107959 0.120893 -0.286172 -1.17623 -0.94521 -0.092899 -0.130274 -0.899762 0.128073 0.0519879 0.326135 0.14734 -0.214634 0.0570714 -0.339703 0.69255 0.0888279 -0.182546 -0.170489 0.316402 0.283292 0.0441563 -0.745437 -1.93214 -0.283158 1.15552 3.08645 -1.53936 0.642789 0.173604 -0.107959 0.0888279 3.05746 -0.0150327 -0.0416323 0.342983 -4.39767 0.194388 0.323934 -0.186541 -0.539833 -0.0784174 0.561829 -0.0712039 0.0403633 -0.198573 0.120893 -0.182546 -0.0150327 0.413185 0.0678651 -0.0415163 -0.468555 0.431844 0.0211019 -0.408724 0.0651647 -0.0311163 -0.148897 -0.00441914 -0.121739 -0.0678088 -0.286172 -0.170489 -0.0416323 0.0678651 0.843789 0.212161 -0.149121 1.13993 0.706064 -6.68295 -1.4452 0.181061 13.5777 -1.11068 -3.09172 0.0595695 -1.17623 0.316402 0.342983 -0.0415163 0.212161 19.4741 -24.0667 -10.0675 7.48249 22.8974 -3.73244 -3.8955 -71.6605 1.36038 0.892287 0.193556 -0.94521 0.283292 -4.39767 -0.468555 -0.149121 -24.0667 86.3934
10.3573 2.20085 -7.26105 -1.1524 3.09031 10.7877 -6.57716 -1.83819 -1.4491 -0.320069 0.153092 0.133802 0.373872 0.746451 1.07634 -13.094 2.20085 14.3927 3.4225 -11.2975 0.942165 -7.42303 -11.0972 -5.25323 -0.293884 -1.62633 -0.0168991 -1.29253 0.421062 0.0137984 -1.39669 8.68166 -7.26105 3.4225 26.4322 -6.5726 -5.50094 -32.9943 1.91807 -4.75394 1.08908 1.00614 -1.3219 -1.35142 -1.06914 -0.278496 -7.3901 27.0922 -1.1524 -11.2975 -6.5726 28.9262 -1.10451 9.13155 6.59932 6.57445 0.228437 1.31561 -0.403175 1.36113 -0.363203 0.203257 0.804744 -5.46127 3.09031 0.942165 -5.50094 -1.10451 4.12151 5.18503 -2.85103 -0.381821 -0.362017 -0.683243 0.213683 0.68183 0.24677 0.0555399 -0.240272 -5.34728 10.7877 -7.42303 -32.9943 9.13155 5.18503 82.6721 -0.0343501 1.44067 -1.23621 -0.0611068 0.946615 1.16662 1.37224 -0.22899 14.2033 -77.5102 -6.57716 -11.0972 1.91807 6.59932 -2.85103 -0.0343501 15.7511 2.43863 1.20604 1.09407 0.0887945 -1.25234 -0.163499 -0.510349 1.88651 -0.594315 -1.83819 -5.25323 -4.75394 6.57445 -0.381821 1.44067 2.43863 12.2763 0.318694 1.41513 -0.00080212 1.26633 -0.0649779 -0.279038 -3.35812 0.346141 -1.4491 -0.293884 1.08908 0.228437 -0.362017 -1.23621 1.20604 0.318694 1.79096 -0.368821 0.0824985 0.110255 -0.180829 -0.243202 0.2236 0.799724 -0.320069 -1.62633 1.00614 1.31561 -0.683243 -0.0611068 1.09407 1.41513 -0.368821 3.80783 -0.324266 -0.038895 -0.0416869 -0.531122 -2.01926 0.520271 0.153092 -0.0168991 -1.3219 -0.403175 0.213683 0.946615 0.0887945 -0.00080212 0.0824985 -0.324266 0.721346 0.0929554 -0.0643594 -0.199474 0.552644 -0.695051 0.133802 -1.29253 -1.35142 1.36113 0.68183 1.16662 -1.25234 1.26633 0.110255 -0.038895 0.0929554 3.61015 -0.118031 0.175875 -0.535673 -2.28053 0.373872 0.421062 -1.06914 -0.363203 0.24677 1.37224 -0.163499 -0.0649779 -0.180829 -0.0416869 -0.0643594 -0.118031 0.477999 0.0186677 -0.112423 -0.614807 0.746451 0.0137984 -0.278496 0.203257 0.0555399 -0.22899 -0.510349 -0.279038 -0.243202 -0.531122 -0.199474 0.175875 0.0186677 0.898036 0.0656845 -0.119955 1.07634 -1.39669 -7.3901 0.804744 -0.240272 14.2033 1.88651 -3.35812 0.2236 -2.01926 0.552644 -0.535673 -0.112423 0.0656845 21.1894 -24.4177 -13.094 8.68166 27.0922 -5.46127 -5.34728 -77.5102 -0.594315 0.346141 0.799724 0.520271 -0.695051 -2.28053 -0.614807 -0.119955 -24.4177 89.9585
7.82576 1.67847 -4.43799 -1.42662 1.76122 7.77827 -4.17738 -3.1439 -0.913603 -0.0876007 0.279227 -0.392015 0.0842185 0.172764 1.706 -10.1684 1.67847 12.0363 3.88618 -8.26302 0.583595 -7.43279 -9.66181 -3.7291 -0.71578 0.1821 -0.170745 -0.635553 0.598734 -0.319068 -1.50789 7.70289 -4.43799 3.88618 21.194 -3.36358 -2.54079 -27.9544 -1.83907 -1.81126 0.607125 2.05559 -1.35618 0.366681 -0.220626 -0.519933 -9.15554 22.9628 -1.42662 -8.26302 -3.36358 23.1826 -1.01992 2.95342 5.14562 4.29204 0.231401 0.178871 -0.245017 0.569655 -0.500985 0.640031 0.371964 -0.364906 1.76122 0.583595 -2.54079 -1.01992 3.08284 3.15368 -1.47878 -1.21562 -0.366429 -0.377435 -0.0312427 0.0755456 0.130252 -0.188566 -0.976955 -3.13376 7.77827 -7.43279 -27.9544 2.95342 3.15368 83.1251 3.9169 -3.92482 0.145992 -3.03572 0.871939 -0.670478 0.501187 0.430205 21.177 -82.9262 -4.17738 -9.66181 -1.83907 5.14562 -1.47878 3.9169 13.6201 2.13961 1.41493 -0.424386 0.382626 -1.10584 -0.378273 0.0735596 1.87665 -3.39228 -3.1439 -3.7291 -1.81126 4.29204 -1.21562 -3.92482 2.13961 11.3947 0.0359301 0.447821 0.213256 0.945649 -0.307685 0.138022 -4.3553 6.16082 -0.913603 -0.71578 0.607125 0.231401 -0.366429 0.145992 1.41493 0.0359301 1.64534 -0.252577 -0.0418256 0.122731 -0.0985049 -0.149473 0.93897 -0.975138 -0.0876007 0.1821 2.05559 0.178871 -0.377435 -3.03572 -0.424386 0.447821 -0.252577 3.57706 -0.304399 -0.356355 -0.0548362 -0.60005 -2.39506 3.36873 0.279227 -0.170745 -1.35618 -0.245017 -0.0312427 0.871939 0.382626 0.213256 -0.0418256 -0.304399 0.851169 -0.0594445 -0.100371 -0.267304 -0.000919305 -0.0737234 -0.392015 -0.635553 0.366681 0.569655 0.0755456 -0.670478 -1.10584 0.945649 0.122731 -0.356355 -0.0594445 2.92132 -0.0588255 0.322713 -0.283674 -0.791529 0.0842185 0.598734 -0.220626 -0.500985 0.130252 0.501187 -0.378273 -0.307685 -0.0985049 -0.0548362 -0.100371 -0.0588255 0.436729 -0.04046 -0.11432 -0.0687638 0.172764 -0.319068 -0.519933 0.640031 -0.188566 0.430205 0.0735596 0.138022 -0.149473 -0.60005 -0.267304 0.322713 -0.04046 1.02137 0.599298 -0.795395 1.706 -1.50789 -9.15554 0.371964 -0.976955 21.177 1.87665 -4.3553 0.93897 -2.39506 -0.000919305 -0.283674 -0.11432 0.599298 24.2414 -32.2759 -10.1684 7.70289 22.9628 -0.364906 -3.13376 -82.9262 -3.39228 6.16082 -0.975138 3.36873 -0.0737234 -0.791529 -0.0687638 -0.795395 -32.2759 99.6744
7.30274 1.09107 -4.67131 -1.64812 1.46926 6.856 -3.4909 -2.36358 -1.06853 0.311021 0.412199 -0.523907 0.187583 0.455007 1.42824 -8.89967 1.09107 11.6709 4.40455 -9.89238 0.582499 -8.54493 -9.16016 -4.39215 -0.499205 0.193017 -0.0881965 -0.533283 0.0336563 -0.400991 0.78376 6.73124 -4.67131 4.40455 19.5473 -4.24044 -2.97328 -24.4226 -0.409083 -2.98204 0.535699 1.21688 -1.3032 -0.743276 -0.437144 -0.456259 -7.99475 21.226 -1.64812 -9.89238 -4.24044 26.1145 -1.09098 4.42971 6.78599 4.70418 0.824634 -0.679804 0.0439972 0.0745116 -0.164223 0.764373 -0.893373 0.43363 1.46926 0.582499 -2.97328 -1.09098 3.10092 2.56329 -1.9873 -0.534481 -0.367998 -0.423042 0.0682747 0.76142 0.332073 -0.246633 -0.0476135 -3.23462 6.856 -8.54493 -24.4226 4.42971 2.56329 78.3249 1.38779 -0.589233 -0.893065 -0.436229 0.124577 0.455898 1.31665 0.586328 15.9297 -76.6718 -3.4909 -9.16016 -0.409083 6.78599 -1.9873 1.38779 13.7398 2.0647 1.18188 -0.536428 0.149645 -1.86302 -0.0726086 0.303762 -0.754226 0.553184 -2.36358 -4.39215 -2.98204 4.70418 -0.534481 -0.589233 2.0647 11.3646 0.364599 0.449849 0.173904 0.855469 -0.294033 -0.297414 -3.59459 2.14587 -1.06853 -0.499205 0.535699 0.824634 -0.367998 -0.893065 1.18188 0.364599 1.71108 -0.34662 0.0347535 0.177993 -0.0160923 -0.224496 0.375149 0.532512 0.311021 0.193017 1.21688 -0.679804 -0.423042 -0.436229 -0.536428 0.449849 -0.34662 3.37712 -0.377404 -0.0712275 -0.0327005 -0.305891 -1.24953 0.0745608 0.412199 -0.0881965 -1.3032 0.0439972 0.0682747 0.124577 0.149645 0.173904 0.0347535 -0.377404 0.786963 -0.00702284 -0.149558 -0.246158 0.236225 0.313617 -0.523907 -0.533283 -0.743276 0.0745116 0.76142 0.455898 -1.86302 0.855469 0.177993 -0.0712275 -0.00702284 3.71495 0.0935978 0.00770892 0.418857 -2.06079 0.187583 0.0336563 -0.437144 -0.164223 0.332073 1.31665 -0.0726086 -0.294033 -0.0160923 -0.0327005 -0.149558 0.0935978 0.480811 0.0447799 -0.0246194 -1.1631 0.455007 -0.400991 -0.456259 0.764373 -0.246633 0.586328 0.303762 -0.297414 -0.224496 -0.305891 -0.246158 0.00770892 0.0447799 1.09452 -0.0916909 -0.401512 1.42824 0.78376 -7.99475 -0.893373 -0.0476135 15.9297 -0.754226 -3.59459 0.375149 -1.24953 0.236225 0.418857 -0.0246194 -0.0916909 20.9563 -25.8502 -8.89967 6.73124 21.226 0.43363 -3.23462 -76.6718 0.553184 2.14587 0.532512 0.0745608 0.313617 -2.06079 -1.1631 -0.401512 -25.8502 90.0206
7.04222 1.08377 -3.99934 -0.568998 1.50696 4.98898 -4.09229 -2.39285 -0.924998 0.525695 0.207294 0.317295 0.0873247 0.358932 0.690541 -6.61999 1.08377 11.325 2.73935 -9.28363 0.932496 -5.16028 -9.47636 -4.32466 -0.688849 0.359062 0.158794 -0.828628 0.247204 -0.495558 -1.15098 6.68355 -3.99934 2.73935 18.1764 -3.61671 -3.46628 -19.2664 0.277694 -2.51526 0.15913 0.925707 -1.03154 -1.2912 -0.569706 -0.169858 -6.10908 15.3429 -0.568998 -9.28363 -3.61671 30.1253 -1.89564 -0.389307 8.0207 3.7574 0.663527 -1.31528 -0.549491 -0.166512 -0.392782 1.37736 0.695271 3.47222 1.50696 0.932496 -3.46628 -1.89564 3.89295 1.51571 -1.80295 -0.398481 -0.567637 -0.0906444 0.133697 0.607763 0.302426 -0.423542 -1.35823 -1.38318 4.98898 -5.16028 -19.2664 -0.389307 1.51571 67.1584 1.60224 -2.09626 0.581665 1.87262 -0.689535 1.67677 1.44302 0.457931 13.7231 -66.4121 -4.09229 -9.47636 0.277694 8.0207 -1.80295 1.60224 14.785 2.00232 1.29171 -1.23031 -0.337043 -2.00195 -0.111624 0.632331 0.283764 -1.09367 -2.39285 -4.32466 -2.51526 3.7574 -0.398481 -2.09626 2.00232 12.4209 0.588706 0.115093 0.337333 1.40879 -0.190491 -0.485468 -2.44886 0.841504 -0.924998 -0.688849 0.15913 0.663527 -0.567637 0.581665 1.29171 0.588706 1.48303 -0.30001 0.0116704 -0.0318133 0.066161 -0.0579264 0.530248 -0.71921 0.525695 0.359062 0.925707 -1.31528 -0.0906444 1.87262 -1.23031 0.115093 -0.30001 3.93517 -0.379684 0.448108 -0.00463525 -0.399438 -1.21684 -2.27212 0.207294 0.158794 -1.03154 -0.549491 0.133697 -0.689535 -0.337043 0.337333 0.0116704 -0.379684 0.863548 0.295423 -0.16338 -0.306561 -0.315941 1.36988 0.317295 -0.828628 -1.2912 -0.166512 0.607763 1.67677 -2.00195 1.40879 -0.0318133 0.448108 0.295423 4.14438 -0.0432176 -0.123976 1.32378 -4.64729 0.0873247 0.247204 -0.569706 -0.392782 0.302426 1.44302 -0.111624 -0.190491 0.066161 -0.00463525 -0.16338 -0.0432176 0.515452 -0.0149538 -0.304353 -0.859408 0.358932 -0.495558 -0.169858 1.37736 -0.423542 0.457931 0.632331 -0.485468 -0.0579264 -0.399438 -0.306561 -0.123976 -0.0149538 0.947155 0.817175 -0.844975 0.690541 -1.15098 -6.10908 0.695271 -1.35823 13.7231 0.283764 -2.44886 0.530248 -1.21684 -0.315941 1.32378 -0.304353 0.817175 20.9144 -24.687 -6.61999 6.68355 15.3429 3.47222 -1.38318 -66.4121 -1.09367 0.841504 -0.71921 -2.27212 1.36988 -4.64729 -0.859408 -0.844975 -24.687 83.4929
8.77723 2.16313 -4.07384 -1.62215 1.64916 6.42742 -4.42922 -2.68759 -1.01938 0.71027 0.0738803 -0.357612 0.48356 0.315361 0.705333 -9.48636 2.16313 13.5494 4.96234 -6.8437 0.192091 -9.0323 -10.8209 -6.57027 -0.669828 -0.127938 -0.0960572 -1.73296 0.165516 -0.0742888 -1.604 10.5426 -4.07384 4.96234 22.2936 -0.355819 -4.00327 -27.6636 -2.8683 -4.31623 0.902389 0.818123 -0.902309 -1.22114 -0.97282 -0.220939 -10.2566 26.0221 -1.62215 -6.8437 -0.355819 23.6426 -0.93045 -0.624102 4.75859 2.55272 0.670324 0.0797629 -0.502769 0.282513 -0.254717 0.408198 -2.6487 4.363 1.64916 0.192091 -4.00327 -0.93045 3.48076 2.20899 -1.21612 -0.0904862 -0.438266 -0.185074 0.0214029 0.788484 0.305494 -0.321068 -0.471114 -2.45854 6.42742 -9.0323 -27.6636 -0.624102 2.20899 88.6037 6.72768 0.963365 0.612781 0.466649 -0.560148 0.491716 1.9827 0.642157 22.3146 -92.4722 -4.42922 -10.8209 -2.8683 4.75859 -1.21612 6.72768 16.1161 3.92539 1.51783 -1.58997 0.353035 -1.02076 0.195188 0.268164 1.14183 -6.10434 -2.68759 -6.57027 -4.31623 2.55272 -0.0904862 0.963365 3.92539 14.6537 0.204561 0.600813 0.523431 1.03366 -0.580736 -0.456427 -2.82999 -1.63132 -1.01938 -0.669828 0.902389 0.670324 -0.438266 0.612781 1.51783 0.204561 1.79012 -0.538479 -0.0205993 -0.306649 0.0416643 -0.0608244 -0.15157 -0.647495 0.71027 -0.127938 0.818123 0.0797629 -0.185074 0.466649 -1.58997 0.600813 -0.538479 4.32978 -0.472176 0.220499 -0.160637 -0.400946 -0.697941 -1.17839 0.0738803 -0.0960572 -0.902309 -0.502769 0.0214029 -0.560148 0.353035 0.523431 -0.0205993 -0.472176 0.742807 0.129038 -0.106632 -0.273019 -0.272912 1.10975 -0.357612 -1.73296 -1.22114 0.282513 0.788484 0.491716 -1.02076 1.03366 -0.306649 0.220499 0.129038 3.86141 -0.0521403 -0.0728233 0.545856 -2.36202 0.48356 0.165516 -0.97282 -0.254717 0.305494 1.9827 0.195188 -0.580736 0.0416643 -0.160637 -0.106632 -0.0521403 0.575253 0.0293988 0.107154 -1.64205 0.315361 -0.0742888 -0.220939 0.408198 -0.321068 0.642157 0.268164 -0.456427 -0.0608244 -0.400946 -0.273019 -0.0728233 0.0293988 0.86564 0.975848 -1.17539 0.705333 -1.604 -10.2566 -2.6487 -0.471114 22.3146 1.14183 -2.82999 -0.15157 -0.697941 -0.272912 0.545856 0.107154 0.975848 24.9472 -33.9905 -9.48636 10.5426 26.0221 4.363 -2.45854 -92.4722 -6.10434 -1.63132 -0.647495 -1.17839 1.10975 -2.36202 -1.64205 -1.17539 -33.9905 113.868
9.42714 2.44115 -6.24425 -1.28754 2.23818 8.00801 -4.7147 -3.09365 -0.646969 0.457281 0.17549 -1.0255 0.52913 0.107446 1.78084 -10.7553 2.44115 12.8103 2.25103 -8.69562 0.771082 -6.99218 -10.4035 -4.47129 -0.0964112 -0.11725 0.0373945 -1.5732 0.270338 -0.564319 0.0762197 7.13943 -6.24425 2.25103 22.9387 -1.03615 -4.47676 -30.0533 0.637706 -0.963451 0.77903 0.264431 -0.800859 -0.665044 -0.952027 -0.171478 -12.8621 29.9381 -1.28754 -8.69562 -1.03615 22.0495 -0.417044 0.0944106 6.73085 3.76873 -0.152757 0.208262 0.0142496 1.42003 -0.291061 0.449054 -4.94217 3.16948 2.23818 0.771082 -4.47676 -0.417044 3.84461 3.88482 -1.40161 -1.54665 0.114466 -0.528667 0.0915411 0.439701 0.317804 -0.245422 -0.0798585 -4.11128 8.00801 -6.99218 -30.0533 0.0944106 3.88482 93.7549 2.82435 0.140479 1.63443 -1.06112 -0.431664 0.97079 1.01166 -0.372469 25.0947 -99.5814 -4.7147 -10.4035 0.637706 6.73085 -1.40161 2.82435 14.2688 3.12384 0.599546 -1.12624 0.191299 -0.645286 -0.137034 0.34186 -1.53253 -1.3255 -3.09365 -4.47129 -0.963451 3.76873 -1.54665 0.140479 3.12384 12.3146 -0.0262278 0.742916 0.0113015 1.10099 -0.646567 -0.033971 -3.86778 0.256946 -0.646969 -0.0964112 0.77903 -0.152757 0.114466 1.63443 0.599546 -0.0262278 1.53186 -0.517306 -0.0143841 -0.0693003 0.00590191 -0.234229 -0.779135 -1.48333 0.457281 -0.11725 0.264431 0.208262 -0.528667 -1.06112 -1.12624 0.742916 -0.517306 3.29423 -0.280138 0.220426 -0.135658 -0.0751777 0.801042 -0.103578 0.17549 0.0373945 -0.800859 0.0142496 0.0915411 -0.431664 0.191299 0.0113015 -0.0143841 -0.280138 0.615724 0.069677 -0.0635209 -0.195809 -0.202682 1.06333 -1.0255 -1.5732 -0.665044 1.42003 0.439701 0.97079 -0.645286 1.10099 -0.0693003 0.220426 0.069677 3.77973 -0.187602 0.00571695 1.2165 -3.08366 0.52913 0.270338 -0.952027 -0.291061 0.317804 1.01166 -0.137034 -0.646567 0.00590191 -0.135658 -0.0635209 -0.187602 0.53792 -0.0229823 0.37607 -0.792847 0.107446 -0.564319 -0.171478 0.449054 -0.245422 -0.372469 0.34186 -0.033971 -0.234229 -0.0751777 -0.195809 0.00571695 -0.0229823 0.783951 0.635042 -0.0332771 1.78084 0.0762197 -12.8621 -4.94217 -0.0798585 25.0947 -1.53253 -3.86778 -0.779135 0.801042 -0.202682 1.2165 0.37607 0.635042 29.4769 -38.8287 -10.7553 7.13943 29.9381 3.16948 -4.11128 -99.5814 -1.3255 0.256946 -1.48333 -0.103578 1.06333 -3.08366 -0.792847 -0.0332771 -38.8287 122.105
8.56352 2.57201 -5.16975 -1.13309 2.12181 2.47969 -5.11015 -2.80099 -0.888372 -0.219038 0.164738 -0.796489 0.26362 0.121966 0.596523 -4.05043 2.57201 14.13 2.45428 -8.22624 0.592879 -8.80294 -11.8903 -4.40805 0.0702836 -0.18359 -0.0196876 -1.52302 0.0483512 -0.259051 0.320126 9.27211 -5.16975 2.45428 20.7076 -1.45654 -3.10385 -22.7968 0.626498 -1.956 0.732398 1.05431 -0.80227 -1.08789 -0.438171 -0.661083 -10.0166 20.5976 -1.13309 -8.22624 -1.45654 21.4754 -0.272056 3.32357 5.94453 2.67843 0.191738 1.05809 -0.0541121 1.06582 0.036749 -0.164265 -4.60898 0.689794 2.12181 0.592879 -3.10385 -0.272056 3.56898 -0.00262965 -1.61858 -1.77497 -0.348211 -0.23214 -0.0969499 0.467889 0.35372 -0.23454 -0.53137 -0.439593 2.47969 -8.80294 -22.7968 3.32357 -0.00262965 72.4392 6.14608 3.75633 1.25463 -0.783138 -0.0632072 1.5618 0.49919 0.250062 18.3105 -74.0674 -5.11015 -11.8903 0.626498 5.94453 -1.61858 6.14608 17.0477 4.078 0.526957 -0.435297 0.30838 -0.834847 0.0772667 0.0625301 -2.20225 -5.32933 -2.80099 -4.40805 -1.956 2.67843 -1.77497 3.75633 4.078 12.8242 0.667595 0.202341 0.0788363 0.799888 -0.538038 0.208404 -2.0675 -4.89639 -0.888372 0.0702836 0.732398 0.191738 -0.348211 1.25463 0.526957 0.667595 1.70668 -0.437187 0.00678726 -0.058524 -0.0656876 -0.0376211 -0.126857 -1.58241 -0.219038 -0.18359 1.05431 1.05809 -0.23214 -0.783138 -0.435297 0.202341 -0.437187 3.51135 -0.313807 0.0665568 -0.0635797 -0.428685 -0.707636 0.654498 0.164738 -0.0196876 -0.80227 -0.0541121 -0.0969499 -0.0632072 0.30838 0.0788363 0.00678726 -0.313807 0.598277 -0.057423 -0.106385 -0.0733035 -0.00544167 0.605969 -0.796489 -1.52302 -1.08789 1.06582 0.467889 1.5618 -0.834847 0.799888 -0.058524 0.0665568 -0.057423 3.67343 -0.0884347 0.13247 1.57952 -3.43251 0.26362 0.0483512 -0.438171 0.036749 0.35372 0.49919 0.0772667 -0.538038 -0.0656876 -0.0635797 -0.106385 -0.0884347 0.421939 -0.0260648 -0.193075 -0.117865 0.121966 -0.259051 -0.661083 -0.164265 -0.23454 0.250062 0.0625301 0.208404 -0.0376211 -0.428685 -0.0733035 0.13247 -0.0260648 0.824618 0.677883 -0.395302 0.596523 0.320126 -10.0166 -4.60898 -0.53137 18.3105 -2.20225 -2.0675 -0.126857 -0.707636 -0.00544167 1.57952 -0.193075 0.677883 23.7997 -29.2661 -4.05043 9.27211 20.5976 0.689794 -0.439593 -74.0674 -5.32933 -4.89639 -1.58241 0.654498 0.605969 -3.43251 -0.117865 -0.395302 -29.2661 92.1031
7.90628 3.16922 -3.28335 -1.65795 1.23621 -0.39986 -5.33267 -1.80297 -1.04875 0.172886 0.121652 -0.696392 0.126678 0.565578 0.065632 -1.88521 3.16922 14.5509 3.83143 -10.1634 0.363666 -10.9293 -11.8631 -3.50976 -0.00681782 -0.211409 -0.0466856 -2.13192 0.111074 -0.298677 -2.56706 11.586 -3.28335 3.83143 17.4997 -2.89874 -2.81063 -17.8943 -0.160943 -2.25388 0.537663 -0.090892 -0.947736 -1.20434 -0.371589 -0.790307 -8.59216 16.2051 -1.65795 -10.1634 -2.89874 23.0145 0.0783638 6.58631 7.81882 1.00739 0.293716 0.764476 -0.201598 0.725212 0.316652 -0.138196 0.820486 -5.0486 1.23621 0.363666 -2.81063 0.0783638 3.34913 -1.22509 -1.68036 -0.653068 -0.200894 0.35778 0.0390346 0.414284 0.248959 -0.33103 -1.14991 1.34989 -0.39986 -10.9293 -17.8943 6.58631 -1.22509 67.184 7.4917 0.653884 0.937983 0.0476043 0.292439 2.656 0.180159 0.929068 17.6168 -67.947 -5.33267 -11.8631 -0.160943 7.81882 -1.68036 7.4917 15.5451 3.31092 0.485009 -0.327669 0.266131 0.112623 0.0994139 0.0821476 0.479824 -7.30802 -1.80297 -3.50976 -2.25388 1.00739 -0.653068 0.653884 3.31092 11.0718 0.288153 0.384013 0.229091 0.729315 -0.143852 -0.127265 -2.68598 -1.62242 -1.04875 -0.00681782 0.537663 0.293716 -0.200894 0.937983 0.485009 0.288153 1.50962 -0.226046 -0.0608899 0.0819407 -0.0421149 -0.235165 0.251026 -1.04945 0.172886 -0.211409 -0.090892 0.764476 0.35778 0.0476043 -0.327669 0.384013 -0.226046 2.74321 -0.17016 -0.00220662 -0.0395056 -0.0597208 -1.00394 0.164213 0.121652 -0.0466856 -0.947736 -0.201598 0.0390346 0.292439 0.266131 0.229091 -0.0608899 -0.17016 0.781719 0.0847274 -0.111355 -0.202134 -0.0614248 0.171597 -0.696392 -2.13192 -1.20434 0.725212 0.414284 2.656 0.112623 0.729315 0.0819407 -0.00220662 0.0847274 3.61697 -0.293601 -0.0463212 1.5034 -4.56896 0.126678 0.111074 -0.371589 0.316652 0.248959 0.180159 0.0994139 -0.143852 -0.0421149 -0.0395056 -0.111355 -0.293601 0.49175 -0.01012 -0.0905347 0.00018093 0.565578 -0.298677 -0.790307 -0.138196 -0.33103 0.929068 0.0821476 -0.127265 -0.235165 -0.0597208 -0.202134 -0.0463212 -0.01012 0.969536 1.04603 -1.30595 0.065632 -2.56706 -8.59216 0.820486 -1.14991 17.6168 0.479824 -2.68598 0.251026 -1.00394 -0.0614248 1.5034 -0.0905347 1.04603 23.8147 -29.117 -1.88521 11.586 16.2051 -5.0486 1.34989 -67.947 -7.30802 -1.62242 -1.04945 0.164213 0.171597 -4.56896 0.00018093 -1.30595 -29.117 85.1533
8.43241 1.72163 -4.27961 0.235333 1.72307 1.1265 -4.26767 -1.40783 -1.07699 0.651321 0.522339 -0.160628 -0.0637263 0.370352 0.104787 -4.29135 1.72163 16.5526 4.81542 -9.49879 0.0643735 -13.1145 -12.2525 -1.77764 -0.142084 0.233968 -0.142848 -1.86595 0.242245 -0.700038 -3.95395 14.3883 -4.27961 4.81542 19.5007 -3.97731 -3.2681 -19.506 -0.816891 -1.52082 0.628798 1.38305 -1.06313 -0.638641 -0.752674 -0.658641 -9.00292 16.7231 0.235333 -9.49879 -3.97731 23.1326 0.101939 6.05994 6.98975 0.336921 0.172586 -0.422292 0.0956911 0.327388 -0.0766327 -0.076417 2.26481 -5.46074 1.72307 0.0643735 -3.2681 0.101939 3.61792 0.492627 -1.57339 -0.876877 -0.0036192 -0.176788 0.0868845 0.467847 0.174148 -0.302169 0.0104795 -1.41034 1.1265 -13.1145 -19.506 6.05994 0.492627 71.3176 6.92723 0.108334 1.10443 -1.11856 -0.571918 2.77565 0.697035 0.847518 14.203 -69.1572 -4.26767 -12.2525 -0.816891 6.98975 -1.57339 6.92723 14.8376 1.70417 0.387141 -0.763376 0.124529 -0.00190425 0.0168123 0.515144 1.86792 -7.23019 -1.40783 -1.77764 -1.52082 0.336921 -0.876877 0.108334 1.70417 10.1722 -0.206291 -0.173145 -0.00905948 0.201627 0.0071146 -0.178914 -3.35754 0.0285208 -1.07699 -0.142084 0.628798 0.172586 -0.0036192 1.10443 0.387141 -0.206291 1.46563 -0.0753468 -0.317413 0.119008 0.00625066 -0.127708 0.683145 -1.48284 0.651321 0.233968 1.38305 -0.422292 -0.176788 -1.11856 -0.763376 -0.173145 -0.0753468 3.04963 -0.178748 0.10026 -0.191254 -0.0500951 -0.699567 -0.131079 0.522339 -0.142848 -1.06313 0.0956911 0.0868845 -0.571918 0.124529 -0.00905948 -0.317413 -0.178748 0.815217 -0.0417373 -0.144949 -0.133601 -0.236311 1.20675 -0.160628 -1.86595 -0.638641 0.327388 0.467847 2.77565 -0.00190425 0.201627 0.119008 0.10026 -0.0417373 2.72652 -0.221223 0.220973 0.920682 -4.31221 -0.0637263 0.242245 -0.752674 -0.0766327 0.174148 0.697035 0.0168123 0.0071146 0.00625066 -0.191254 -0.144949 -0.221223 0.519436 -0.048359 0.0973918 -0.175672 0.370352 -0.700038 -0.658641 -0.076417 -0.302169 0.847518 0.515144 -0.178914 -0.127708 -0.0500951 -0.133601 0.220973 -0.048359 0.985088 0.8842 -1.27331 0.104787 -3.95395 -9.00292 2.26481 0.0104795 14.203 1.86792 -3.35754 0.683145 -0.699567 -0.236311 0.920682 0.0973918 0.8842 24.0601 -25.9525 -4.29135 14.3883 16.7231 -5.46074 -1.41034 -69.1572 -7.23019 0.0285208 -1.48284 -0.131079 1.20675 -4.31221 -0.175672 -1.27331 -25.9525 85.6732
7.11926 0.726387 -3.86481 -0.808851 1.22572 3.87875 -3.71034 -1.50355 -0.482138 0.339858 0.231722 0.502603 -0.262758 0.424936 0.911874 -6.5702 0.726387 16.9228 4.50183 -10.5764 0.510896 -11.0588 -12.3212 -3.26089 0.0947136 -0.606093 -0.405727 -1.65464 0.384265 -0.442595 -1.52683 11.2088 -3.86481 4.50183 17.4118 -2.13581 -2.63317 -17.9962 -1.27508 -1.42598 -0.153124 1.00632 -0.818167 -0.923371 -0.0694025 -0.749119 -11.0834 17.9645 -0.808851 -10.5764 -2.13581 25.223 -0.648998 3.50139 8.07287 1.257 -0.558389 1.19043 0.145016 0.130665 0.0747553 -0.126971 -1.25826 -0.339673 1.22572 0.510896 -2.63317 -0.648998 3.36565 0.939021 -1.59559 -0.932167 0.096582 0.178086 -0.141515 0.403619 0.10315 -0.051035 -0.387365 -1.61742 3.87875 -11.0588 -17.9962 3.50139 0.939021 64.9905 5.83871 0.54411 1.85137 -0.318371 -0.850539 1.86885 0.3505 0.644153 13.2387 -65.4102 -3.71034 -12.3212 -1.27508 8.07287 -1.59559 5.83871 15.6007 2.77856 0.00838141 -0.752858 0.393934 -0.157191 0.0607263 0.396306 0.424251 -5.18546 -1.50355 -3.26089 -1.42598 1.257 -0.932167 0.54411 2.77856 10.5672 0.324088 -0.189233 0.0655875 0.111921 -0.134383 0.043196 -3.16071 -0.694074 -0.482138 0.0947136 -0.153124 -0.558389 0.096582 1.85137 0.00838141 0.324088 1.5279 -0.175441 -0.197554 -0.0563647 0.178847 -0.112471 0.50677 -2.2112 0.339858 -0.606093 1.00632 1.19043 0.178086 -0.318371 -0.752858 -0.189233 -0.175441 3.49418 -0.162222 0.105844 -0.120537 -0.386342 -1.45866 0.280443 0.231722 -0.405727 -0.818167 0.145016 -0.141515 -0.850539 0.393934 0.0655875 -0.197554 -0.162222 0.739357 0.0826416 -0.188854 -0.114359 0.291411 1.1883 0.502603 -1.65464 -0.923371 0.130665 0.403619 1.86885 -0.157191 0.111921 -0.0563647 0.105844 0.0826416 3.15101 -0.218985 0.194158 1.36949 -4.40041 -0.262758 0.384265 -0.0694025 0.0747553 0.10315 0.3505 0.0607263 -0.134383 0.178847 -0.120537 -0.188854 -0.218985 0.450844 0.0445173 -0.168643 -0.00368561 0.424936 -0.442595 -0.749119 -0.126971 -0.051035 0.644153 0.396306 0.043196 -0.112471 -0.386342 -0.114359 0.194158 0.0445173 0.822194 0.355517 -0.836343 0.911874 -1.52683 -11.0834 -1.25826 -0.387365 13.2387 0.424251 -3.16071 0.50677 -1.45866 0.291411 1.36949 -0.168643 0.355517 26.3317 -25.0244 -6.5702 11.2088 17.9645 -0.339673 -1.61742 -65.4102 -5.18546 -0.694074 -2.2112 0.280443 1.1883 -4.40041 -0.00368561 -0.836343 -25.0244 81.3122
7.49289 0.0333027 -6.3142 -1.48806 1.76285 8.38872 -3.50135 -1.87776 -0.420101 0.748176 0.103792 0.60199 0.0556286 0.562726 2.35176 -10.5965 0.0333027 17.0015 6.71021 -11.7382 1.20999 -12.0994 -12.8898 -4.53485 -0.0717597 0.244586 -0.577109 -2.09174 0.522757 -0.7815 -3.15822 13.0014 -6.3142 6.71021 26.0641 -2.90847 -3.21294 -29.3856 -1.37854 -2.71026 0.00829427 0.339037 -1.05665 -1.07979 -0.0345655 -1.56027 -13.5291 25.8693 -1.48806 -11.7382 -2.90847 30.3542 -2.05946 1.99967 10.2604 2.23384 -0.611196 -0.128371 0.318742 1.11068 -0.132142 0.568483 -0.153629 1.39846 1.76285 1.20999 -3.21294 -2.05946 4.01074 1.27696 -2.74281 -1.58016 -0.0334555 0.822708 0.0342182 0.0466167 0.162986 -0.451443 -1.48562 -0.544284 8.38872 -12.0994 -29.3856 1.99967 1.27696 74.7578 4.55199 1.10492 1.59495 0.519282 0.444309 3.00158 -0.372466 2.01481 21.4992 -75.5752 -3.50135 -12.8898 -1.37854 10.2604 -2.74281 4.55199 16.4667 4.48368 0.119846 -1.34942 0.503067 0.232931 -0.0990989 0.62665 0.879678 -4.84105 -1.87776 -4.53485 -2.71026 2.23384 -1.58016 1.10492 4.48368 12.8575 0.344655 -0.55617 0.0944951 0.137679 -0.52777 0.492729 -2.34987 -1.8545 -0.420101 -0.0717597 0.00829427 -0.611196 -0.0334555 1.59495 0.119846 0.344655 1.61895 -0.317371 -0.0983576 -0.110638 -0.0264421 -0.149612 0.367709 -1.93944 0.748176 0.244586 0.339037 -0.128371 0.822708 0.519282 -1.34942 -0.55617 -0.317371 3.53131 -0.365757 -0.0570756 0.0920756 -0.526412 -1.57781 -0.37892 0.103792 -0.577109 -1.05665 0.318742 0.0342182 0.444309 0.503067 0.0944951 -0.0983576 -0.365757 0.643563 0.173633 -0.112726 -0.0381612 0.343992 -0.0945414 0.60199 -2.09174 -1.07979 1.11068 0.0466167 3.00158 0.232931 0.137679 -0.110638 -0.0570756 0.173633 3.07052 -0.221799 0.345522 1.81707 -5.6235 0.0556286 0.522757 -0.0345655 -0.132142 0.162986 -0.372466 -0.0990989 -0.52777 -0.0264421 0.0920756 -0.112726 -0.221799 0.496933 -0.0476479 -0.564079 1.06744 0.562726 -0.7815 -1.56027 0.568483 -0.451443 2.01481 0.62665 0.492729 -0.149612 -0.526412 -0.0381612 0.345522 -0.0476479 0.938126 1.33772 -2.33066 2.35176 -3.15822 -13.5291 -0.153629 -1.48562 21.4992 0.879678 -2.34987 0.367709 -1.57781 0.343992 1.81707 -0.564079 1.33772 28.3553 -33.1796 -10.5965 13.0014 25.8693 1.39846 -0.544284 -75.5752 -4.84105 -1.8545 -1.93944 -0.37892 -0.0945414 -5.6235 1.06744 -2.33066 -33.1796 94.5707
5.47748 -0.222591 -4.13362 -0.678621 0.940762 6.3758 -2.92767 -1.18194 -0.348172 0.49294 0.0410659 0.114219 0.171146 0.408668 0.736151 -7.20658 -0.222591 17.0314 8.25903 -11.9452 0.117558 -17.0866 -13.2999 -5.82474 0.161037 -0.3073 -0.298362 -1.14097 0.0963464 -0.607802 -0.457716 16.0878 -4.13362 8.25903 25.1456 -3.4874 -3.4516 -30.3179 -3.53431 -4.4365 -0.269697 0.613584 -0.819015 -0.285156 -0.357488 -1.29327 -10.2622 25.0953 -0.678621 -11.9452 -3.4874 31.6863 -0.509027 4.9472 9.76409 5.35312 0.205121 0.742385 0.0689664 1.74845 -0.124412 -0.0485048 -4.73594 -0.698772 0.940762 0.117558 -3.4516 -0.509027 3.28013 1.42439 -1.44107 -0.53311 0.0625653 0.19075 -0.0797202 0.216022 0.13533 -0.226019 -0.302104 -1.30727 6.3758 -17.0866 -30.3179 4.9472 1.42439 83.5187 8.77166 2.36216 1.37165 -0.865947 -0.174754 0.987848 0.359435 2.20578 17.7673 -79.8372 -2.92767 -13.2999 -3.53431 9.76409 -1.44107 8.77166 16.8031 4.86198 -0.202773 -0.684213 0.360393 -0.28062 0.109586 0.612277 0.548939 -8.69623 -1.18194 -5.82474 -4.4365 5.35312 -0.53311 2.36216 4.86198 14.11 -0.238341 0.550135 0.296768 0.993467 -0.260111 -0.173239 -5.57991 -1.18172 -0.348172 0.161037 -0.269697 0.205121 0.0625653 1.37165 -0.202773 -0.238341 1.39115 -0.375386 -0.0844497 0.108252 -0.0535372 0.006835 0.52059 -1.26015 0.49294 -0.3073 0.613584 0.742385 0.19075 -0.865947 -0.684213 0.550135 -0.375386 3.62743 -0.312615 -0.296544 0.113009 -0.295534 -2.30646 1.60184 0.0410659 -0.298362 -0.819015 0.0689664 -0.0797202 -0.174754 0.360393 0.296768 -0.0844497 -0.312615 0.64111 0.105101 -0.0479054 -0.177502 -0.388054 1.01091 0.114219 -1.14097 -0.285156 1.74845 0.216022 0.987848 -0.28062 0.993467 0.108252 -0.296544 0.105101 3.64213 -0.243187 0.0732644 0.186667 -3.38015 0.171146 0.0963464 -0.357488 -0.124412 0.13533 0.359435 0.109586 -0.260111 -0.0535372 0.113009 -0.0479054 -0.243187 0.405838 0.0383176 0.00177351 -0.12854 0.408668 -0.607802 -1.29327 -0.0485048 -0.226019 2.20578 0.612277 -0.173239 0.006835 -0.295534 -0.177502 0.0732644 0.0383176 0.990261 1.45878 -2.6169 0.736151 -0.457716 -10.2622 -4.73594 -0.302104 17.7673 0.548939 -5.57991 0.52059 -2.30646 -0.388054 0.186667 0.00177351 1.45878 27.3249 -29.5352 -7.20658 16.0878 25.0953 -0.698772 -1.30727 -79.8372 -8.69623 -1.18172 -1.26015 1.60184 1.01091 -3.38015 -0.12854 -2.6169 -29.5352 94.2653
7.00022 1.13329 -4.61101 -1.44441 1.46501 3.00288 -3.98938 -3.56314 -0.295875 0.567944 0.399503 -0.275089 0.132403 0.509733 1.80788 -5.00855 1.13329 14.9151 5.22591 -9.17337 -0.358485 -12.4415 -11.2598 -6.81887 -0.434635 0.0558164 -0.000851704 -1.31613 0.387937 -0.353674 -1.43681 15.2622 -4.61101 5.22591 20.5059 -3.30804 -3.77396 -17.5276 -1.26041 -2.54863 -0.278545 0.354983 -1.26418 -0.554098 -0.389677 -0.49475 -8.3832 15.3112 -1.44441 -9.17337 -3.30804 29.7489 -0.735686 1.30303 7.48603 2.89511 1.3305 0.100506 -0.210514 0.989165 0.17765 0.281265 -0.838169 2.33475 1.46501 -0.358485 -3.77396 -0.735686 3.69084 0.742396 -1.37867 -0.40103 0.078566 0.0892949 -0.0581232 0.28721 0.0740351 -0.0879011 -0.654044 -1.08935 3.00288 -12.4415 -17.5276 1.30303 0.742396 63.7532 8.27046 4.69804 -0.0154155 0.175612 -0.448905 1.00481 0.477223 0.0643559 14.4958 -68.1478 -3.98938 -11.2598 -1.26041 7.48603 -1.37867 8.27046 15.0692 6.53751 0.347065 -0.957759 0.0485146 -0.794235 0.141654 0.19809 0.331441 -9.60323 -3.56314 -6.81887 -2.54863 2.89511 -0.40103 4.69804 6.53751 14.4437 0.169121 -0.53075 -0.111607 1.14783 -0.225564 -0.200055 -2.27633 -7.35906 -0.295875 -0.434635 -0.278545 1.3305 0.078566 -0.0154155 0.347065 0.169121 1.51307 -0.382262 -0.0902239 0.171905 -0.0228056 0.0229983 -0.258041 0.47017 0.567944 0.0558164 0.354983 0.100506 0.0892949 0.175612 -0.957759 -0.53075 -0.382262 3.38606 -0.178684 0.150033 -0.0751989 -0.03811 0.0307905 -0.807037 0.399503 -0.000851704 -1.26418 -0.210514 -0.0581232 -0.448905 0.0485146 -0.111607 -0.0902239 -0.178684 0.763812 0.106957 -0.0823593 -0.130167 0.260391 0.982028 -0.275089 -1.31613 -0.554098 0.989165 0.28721 1.00481 -0.794235 1.14783 0.171905 0.150033 0.106957 3.45448 -0.284391 0.0160681 0.745609 -3.25504 0.132403 0.387937 -0.389677 0.17765 0.0740351 0.477223 0.141654 -0.225564 -0.0228056 -0.0751989 -0.0823593 -0.284391 0.468876 -0.0445973 -0.264829 0.203681 0.509733 -0.353674 -0.49475 0.281265 -0.0879011 0.0643559 0.19809 -0.200055 0.0229983 -0.03811 -0.130167 0.0160681 -0.0445973 0.772081 0.219158 -0.311108 1.80788 -1.43681 -8.3832 -0.838169 -0.654044 14.4958 0.331441 -2.27633 -0.258041 0.0307905 0.260391 0.745609 -0.264829 0.219158 21.5083 -25.6102 -5.00855 15.2622 15.3112 2.33475 -1.08935 -68.1478 -9.60323 -7.35906 0.47017 -0.807037 0.982028 -3.25504 0.203681 -0.311108 -25.6102 91.0502
7.51994 2.05765 -5.35359 -0.33348 1.25931 4.98501 -5.35653 -3.44399 -0.375965 0.162688 0.30144 -0.439073 0.290652 0.274506 1.96896 -5.95535 2.05765 15.51 5.23603 -10.3916 -0.182217 -7.59259 -12.0328 -7.7239 -0.698668 0.418079 -0.197053 -1.71328 0.488639 -0.554844 -1.38654 10.522 -5.35359 5.23603 24.0693 -5.76759 -3.4901 -24.9009 -0.393957 -4.34481 -0.320463 1.1378 -1.34436 -0.202025 -0.46974 -0.40294 -10.966 22.6801 -0.33348 -10.3916 -5.76759 29.6339 0.45368 2.42634 6.44046 4.1118 1.3456 -0.0249462 0.237892 1.11572 -0.0488016 0.283746 1.28133 -1.5301 1.25931 -0.182217 -3.4901 0.45368 2.95392 0.905485 -1.28228 -0.0146466 0.163087 -0.220393 0.0604126 0.391541 0.0541364 -0.011713 0.21642 -1.62258 4.98501 -7.59259 -24.9009 2.42634 0.905485 75.8052 3.37518 3.96843 -0.702093 -0.0662345 0.116724 -0.520411 0.475328 -0.595031 20.4083 -78.2551 -5.35653 -12.0328 -0.393957 6.44046 -1.28228 3.37518 15.6593 7.09063 0.474706 -1.09897 0.0265812 -0.03313 -0.0707615 0.458975 -0.0960625 -5.09563 -3.44399 -7.7239 -4.34481 4.1118 -0.0146466 3.96843 7.09063 14.8871 0.559573 -0.4783 0.155215 1.36792 -0.196926 0.323879 -3.58386 -4.86188 -0.375965 -0.698668 -0.320463 1.3456 0.163087 -0.702093 0.474706 0.559573 1.5848 0.0500423 -0.00150959 0.201595 -0.0980809 -0.00653792 -0.0801224 0.611282 0.162688 0.418079 1.1378 -0.0249462 -0.220393 -0.0662345 -1.09897 -0.4783 0.0500423 3.49486 -0.168318 0.217365 -0.2574 -0.298397 -0.276509 -0.509577 0.30144 -0.197053 -1.34436 0.237892 0.0604126 0.116724 0.0265812 0.155215 -0.00150959 -0.168318 0.64874 0.241023 -0.11447 -0.0889872 0.0250561 0.519352 -0.439073 -1.71328 -0.202025 1.11572 0.391541 -0.520411 -0.03313 1.36792 0.201595 0.217365 0.241023 2.9604 -0.211606 0.159802 -0.386373 -1.17323 0.290652 0.488639 -0.46974 -0.0488016 0.0541364 0.475328 -0.0707615 -0.196926 -0.0980809 -0.2574 -0.11447 -0.211606 0.53885 0.0420992 -0.0840118 -0.00807005 0.274506 -0.554844 -0.40294 0.283746 -0.011713 -0.595031 0.458975 0.323879 -0.00653792 -0.298397 -0.0889872 0.159802 0.0420992 0.849044 -0.309873 0.500439 1.96896 -1.38654 -10.966 1.28133 0.21642 20.4083 -0.0960625 -3.58386 -0.0801224 -0.276509 0.0250561 -0.386373 -0.0840118 -0.309873 24.4262 -31.2004 -5.95535 10.522 22.6801 -1.5301 -1.62258 -78.2551 -5.09563 -4.86188 0.611282 -0.509577 0.519352 -1.17323 -0.00807005 0.500439 -31.2004 96.7026
7.51095 1.45588 -5.43609 -2.21488 1.39882 7.16953 -5.13788 -3.05738 -0.527225 -0.435771 0.169265 -0.393821 0.272481 0.49573 2.03928 -8.36169 1.45588 14.0526 3.4498 -12.1128 -0.173109 -3.65205 -10.6638 -6.68259 -0.521364 -0.100664 -0.212841 -1.15543 0.615859 -0.667647 -0.11734 6.1628 -5.43609 3.4498 22.0494 -5.78266 -4.04195 -22.2568 0.849487 -3.16263 -0.226656 1.15429 -0.898131 -0.752718 -0.700756 -1.41779 -9.92947 20.6113 -2.21488 -12.1128 -5.78266 29.6967 0.48164 1.65942 7.90208 7.10851 0.92285 0.431213 0.441431 1.25137 -0.507826 0.499759 -0.139675 -0.36419 1.39882 -0.173109 -4.04195 0.48164 3.41672 1.53309 -1.04863 -0.00324374 0.050509 -0.559296 0.148067 0.876445 0.150673 0.126367 -0.407524 -1.96147 7.16953 -3.65205 -22.2568 1.65942 1.53309 77.762 0.66566 -2.10587 -0.72095 -0.32882 -0.446567 -2.04775 1.13778 -0.0178452 18.4288 -78.2548 -5.13788 -10.6638 0.849487 7.90208 -1.04863 0.66566 14.7756 5.04893 0.487778 -0.0392386 0.0959228 -0.420076 -0.177097 0.0514228 -0.321307 -2.32635 -3.05738 -6.68259 -3.16263 7.10851 -0.00324374 -2.10587 5.04893 14.829 0.793143 0.820429 0.151423 1.82433 -0.355436 0.696907 -3.70625 0.440749 -0.527225 -0.521364 -0.226656 0.92285 0.050509 -0.72095 0.487778 0.793143 1.55027 -0.12245 -0.049354 0.0792433 -0.0977783 0.0681268 0.0619821 0.478384 -0.435771 -0.100664 1.15429 0.431213 -0.559296 -0.32882 -0.0392386 0.820429 -0.12245 3.30719 -0.131156 -0.036974 -0.0215762 -0.426957 -0.488491 -0.150179 0.169265 -0.212841 -0.898131 0.441431 0.148067 -0.446567 0.0959228 0.151423 -0.049354 -0.131156 0.583036 0.237273 -0.138052 -0.0946729 -0.216583 0.95255 -0.393821 -1.15543 -0.752718 1.25137 0.876445 -2.04775 -0.420076 1.82433 0.0792433 -0.036974 0.237273 3.18336 -0.0758927 0.382997 -0.724444 0.35961 0.272481 0.615859 -0.700756 -0.507826 0.150673 1.13778 -0.177097 -0.355436 -0.0977783 -0.0215762 -0.138052 -0.0758927 0.515658 0.1253 0.409929 -1.05475 0.49573 -0.667647 -1.41779 0.499759 0.126367 -0.0178452 0.0514228 0.696907 0.0681268 -0.426957 -0.0946729 0.382997 0.1253 1.1016 -0.110362 0.221236 2.03928 -0.11734 -9.92947 -0.139675 -0.407524 18.4288 -0.321307 -3.70625 0.0619821 -0.488491 -0.216583 -0.724444 0.409929 -0.110362 26.2419 -31.5387 -8.36169 6.1628 20.6113 -0.36419 -1.96147 -78.2548 -2.32635 0.440749 0.478384 -0.150179 0.95255 0.35961 -1.05475 0.221236 -31.5387 97.1498
