6.77324 0.30473 -2.75969 -0.947939 0.442598 3.44517 -1.79967 -0.641825 -0.275648 1.13594 0.405074 -1.31451 -0.00197876 -0.0297417 -0.415482 -5.89223 0.30473 5.30876 1.59971 -3.87999 -0.517005 -1.77762 -5.44617 -0.163112 -0.0318803 -0.616449 -0.206301 -1.27483 -0.0256108 -0.247274 -0.806577 3.39027 -2.75969 1.59971 10.704 -1.51634 -0.953975 -10.4589 -0.759503 -1.38515 -0.0754174 0.263719 -0.859507 -0.211129 0.000420727 -0.324814 -3.94161 8.60542 -0.947939 -3.87999 -1.51634 14.3372 -0.633447 -0.263834 4.38048 -0.515457 -0.231927 1.73356 0.255451 1.24527 -0.0554859 0.547208 0.557414 1.58431 0.442598 -0.517005 -0.953975 -0.633447 3.20908 -0.259183 0.485265 -1.58282 0.227061 -0.622767 -0.0932367 0.452675 0.202474 -0.32276 -1.18104 -0.375424 3.44517 -1.77762 -10.4589 -0.263834 -0.259183 47.2825 0.177919 -2.68654 0.118987 -1.08073 -0.829324 0.932327 0.383256 -0.42196 10.3626 -48.6706 -1.79967 -5.44617 -0.759503 4.38048 0.485265 0.177919 8.21474 -0.251102 0.0457255 -0.588215 0.0434404 0.108408 0.206415 0.445151 0.508074 -0.907084 -0.641825 -0.163112 -1.38515 -0.515457 -1.58282 -2.68654 -0.251102 12.6204 -0.506794 0.980562 -0.0920642 -0.439244 0.0611932 -0.384432 -2.10963 -0.0692781 -0.275648 -0.0318803 -0.0754174 -0.231927 0.227061 0.118987 0.0457255 -0.506794 1.43119 -0.674106 -0.0630855 0.270466 0.0162361 0.0624215 0.0552239 -0.070135 1.13594 -0.616449 0.263719 1.73356 -0.622767 -1.08073 -0.588215 0.980562 -0.674106 7.03771 0.105439 0.550271 -0.183178 -0.625856 -1.2128 0.493288 0.405074 -0.206301 -0.859507 0.255451 -0.0932367 -0.829324 0.0434404 -0.0920642 -0.0630855 0.105439 0.606622 0.143562 -0.155488 -0.0565031 -0.114006 1.43993 -1.31451 -1.27483 -0.211129 1.24527 0.452675 0.932327 0.108408 -0.439244 0.270466 0.550271 0.143562 3.16327 -0.0588923 0.0221548 0.498047 -1.61261 -0.00197876 -0.0256108 0.000420727 -0.0554859 0.202474 0.383256 0.206415 0.0611932 0.0162361 -0.183178 -0.155488 -0.0588923 0.426994 -0.0313105 -0.391722 -0.252432 -0.0297417 -0.247274 -0.324814 0.547208 -0.32276 -0.42196 0.445151 -0.384432 0.0624215 -0.625856 -0.0565031 0.0221548 -0.0313105 0.876178 0.327332 0.796577 -0.415482 -0.806577 -3.94161 0.557414 -1.18104 10.3626 0.508074 -2.10963 0.0552239 -1.2128 -0.114006 0.498047 -0.391722 0.327332 18.3412 -21.4673 -5.89223 3.39027 8.60542 1.58431 -0.375424 -48.6706 -0.907084 -0.0692781 -0.070135 0.493288 1.43993 -1.61261 -0.252432 0.796577 -21.4673 68.663
5.52955 0.59954 -2.53433 -1.83151 0.306929 3.42973 -1.97841 0.444226 -0.262177 1.09498 0.226127 -1.18978 0.123282 -0.140382 -2.00178 -4.07445 0.59954 6.06386 1.3583 -2.80832 -0.330536 -2.76931 -6.35605 -0.0775629 -0.0801917 -0.589239 -0.00927207 -1.38334 0.032849 -0.244541 -1.18909 5.09825 -2.53433 1.3583 9.58697 0.101973 -0.529335 -12.5688 -0.634642 -1.78934 0.0252091 0.0989263 -0.554612 -0.0628164 -0.272527 -0.0780191 -3.36619 10.8263 -1.83151 -2.80832 0.101973 12.8511 -0.157103 0.373189 4.29207 -2.2995 -0.1381 0.910779 -0.078397 0.3843 -0.154053 0.37096 1.33841 0.521929 0.306929 -0.330536 -0.529335 -0.157103 3.25604 -1.11325 0.387831 -1.61868 0.287131 -0.506298 -0.09856 0.644191 0.203332 -0.373616 -1.11676 0.105188 3.42973 -2.76931 -12.5688 0.373189 -1.11325 53.3428 1.72405 -0.632845 0.248837 -2.54986 -0.851843 0.402383 0.78096 -0.590777 12.7875 -55.3363 -1.97841 -6.35605 -0.634642 4.29207 0.387831 1.72405 9.48692 -1.46523 0.215862 -0.441937 0.0990362 0.336199 0.0450949 0.58457 1.0221 -2.87984 0.444226 -0.0775629 -1.78934 -2.2995 -1.61868 -0.632845 -1.46523 13.5073 -0.406811 1.50217 -0.0895446 -0.158622 -0.171063 -0.681233 -2.22212 -3.2616 -0.262177 -0.0801917 0.0252091 -0.1381 0.287131 0.248837 0.215862 -0.406811 1.74066 -0.75182 -0.245337 0.189499 0.123286 0.13177 0.167985 -0.69293 1.09498 -0.589239 0.0989263 0.910779 -0.506298 -2.54986 -0.441937 1.50217 -0.75182 7.14253 0.057998 -0.149874 -0.215148 -0.474452 -1.60563 2.35006 0.226127 -0.00927207 -0.554612 -0.078397 -0.09856 -0.851843 0.0990362 -0.0895446 -0.245337 0.057998 0.59689 -0.0456376 -0.143211 -0.119281 -0.317104 1.63085 -1.18978 -1.38334 -0.0628164 0.3843 0.644191 0.402383 0.336199 -0.158622 0.189499 -0.149874 -0.0456376 3.16109 -0.046216 -0.177795 1.3709 -2.51188 0.123282 0.032849 -0.272527 -0.154053 0.203332 0.78096 0.0450949 -0.171063 0.123286 -0.215148 -0.143211 -0.046216 0.469144 -0.0190456 -0.163259 -0.567955 -0.140382 -0.244541 -0.0780191 0.37096 -0.373616 -0.590777 0.58457 -0.681233 0.13177 -0.474452 -0.119281 -0.177795 -0.0190456 1.06031 -0.0893834 1.42363 -2.00178 -1.18909 -3.36619 1.33841 -1.11676 12.7875 1.0221 -2.22212 0.167985 -1.60563 -0.317104 1.3709 -0.163259 -0.0893834 18.7213 -23.6584 -4.07445 5.09825 10.8263 0.521929 0.105188 -55.3363 -2.87984 -3.2616 -0.69293 2.35006 1.63085 -2.51188 -0.567955 1.42363 -23.6584 76.0625
5.72301 0.665612 -2.84974 -1.18956 0.542547 1.98311 -1.66243 0.0754361 -0.513236 0.940767 0.231359 -1.15343 0.140679 0.113505 -1.84671 -2.88345 0.665612 6.08908 1.21513 -3.29395 -0.311568 -3.59764 -6.58246 0.113423 0.0721797 -0.488789 -0.0593113 -1.01554 0.220255 -0.362515 -2.26212 6.72796 -2.84974 1.21513 9.24796 -0.219788 -1.04445 -10.8748 -1.03321 -2.09818 0.628157 -0.112828 -0.649804 0.763792 -0.099727 -0.0764041 -2.85115 9.92228 -1.18956 -3.29395 -0.219788 12.7129 -0.332149 -1.98494 4.92884 -3.01312 -0.293826 0.877413 0.218751 -0.239603 -0.443537 0.585406 0.239583 4.39591 0.542547 -0.311568 -1.04445 -0.332149 3.8283 -3.11201 0.457515 -1.59193 0.449294 -0.189816 0.057757 0.258253 -0.00240571 -0.470826 -2.64989 3.22433 1.98311 -3.59764 -10.8748 -1.98494 -3.11201 60.8214 2.98158 2.85426 0.0331106 -2.03416 -0.26714 0.8339 0.160852 -0.46812 15.9977 -67.83 -1.66243 -6.58246 -1.03321 4.92884 0.457515 2.98158 10.2002 -1.83409 -0.0998759 -0.604937 0.23813 -0.395106 -0.318602 0.578197 1.95553 -4.66303 0.0754361 0.113423 -2.09818 -3.01312 -1.59193 2.85426 -1.83409 15.0042 -1.06855 1.88321 -0.384583 -0.143131 0.0677529 -0.506574 -0.0338429 -9.02873 -0.513236 0.0721797 0.628157 -0.293826 0.449294 0.0331106 -0.0998759 -1.06855 1.85304 -0.583092 -0.255412 0.527472 0.0389289 -0.0589705 0.0274544 -0.372096 0.940767 -0.488789 -0.112828 0.877413 -0.189816 -2.03416 -0.604937 1.88321 -0.583092 6.31972 -0.0663254 0.0189312 -0.123028 -0.487821 -0.852761 0.830437 0.231359 -0.0593113 -0.649804 0.218751 0.057757 -0.26714 0.23813 -0.384583 -0.255412 -0.0663254 0.521212 -0.124518 -0.0916971 -0.10938 -0.010365 0.912647 -1.15343 -1.01554 0.763792 -0.239603 0.258253 0.8339 -0.395106 -0.143131 0.527472 0.0189312 -0.124518 3.10476 0.0529249 -0.187382 1.46379 -3.29522 0.140679 0.220255 -0.099727 -0.443537 -0.00240571 0.160852 -0.318602 0.0677529 0.0389289 -0.123028 -0.0916971 0.0529249 0.433359 -0.0385493 -0.359391 0.131209 0.113505 -0.362515 -0.0764041 0.585406 -0.470826 -0.46812 0.578197 -0.506574 -0.0589705 -0.487821 -0.10938 -0.187382 -0.0385493 1.0147 0.190676 0.765431 -1.84671 -2.26212 -2.85115 0.239583 -2.64989 15.9977 1.95553 -0.0338429 0.0274544 -0.852761 -0.010365 1.46379 -0.359391 0.190676 19.3849 -28.4609 -2.88345 6.72796 9.92228 4.39591 3.22433 -67.83 -4.66303 -9.02873 -0.372096 0.830437 0.912647 -3.29522 0.131209 0.765431 -28.4609 95.5015
5.81741 0.375344 -3.32328 -1.12168 0.438432 3.78915 -1.8362 -0.104995 -0.428633 -0.0130062 0.38612 -0.740174 0.0931699 0.255389 -0.495352 -5.53858 0.375344 6.36722 1.93345 -3.91204 0.391709 -5.15303 -6.50994 0.274984 0.0712183 -0.372756 -0.217981 -0.825591 0.274457 -0.500247 -3.24608 7.72275 -3.32328 1.93345 11.1068 -0.470747 -0.811001 -13.3417 -0.907662 -2.18152 0.589656 0.425331 -0.817598 0.648833 0.0172677 -0.192092 -5.19803 12.9744 -1.12168 -3.91204 -0.470747 13.7264 -0.80356 -0.802502 5.89766 -2.27307 -0.474589 1.26192 0.397531 -0.912809 -0.439358 0.439137 1.15923 2.81484 0.438432 0.391709 -0.811001 -0.80356 3.4902 -2.94463 -0.584952 -0.835764 0.344926 -0.881962 0.109638 0.115857 -0.0333347 -0.524371 -2.47246 2.90675 3.78915 -5.15303 -13.3417 -0.802502 -2.94463 60.7491 1.74835 1.93293 0.868117 -0.720811 -0.422905 1.39017 0.257746 0.189707 16.9912 -67.7608 -1.8362 -6.50994 -0.907662 5.89766 -0.584952 1.74835 10.4031 -1.80952 -0.0455661 -0.142069 0.495398 -0.793826 -0.34606 0.573628 1.5247 -1.76123 -0.104995 0.274984 -2.18152 -2.27307 -0.835764 1.93293 -1.80952 13.6969 -0.96959 0.639178 -0.584327 -0.0380674 -0.111298 -0.554368 -0.168625 -7.23922 -0.428633 0.0712183 0.589656 -0.474589 0.344926 0.868117 -0.0455661 -0.96959 1.64967 -0.48007 -0.320568 0.483386 -0.00516773 -0.0108778 0.354382 -1.65125 -0.0130062 -0.372756 0.425331 1.26192 -0.881962 -0.720811 -0.142069 0.639178 -0.48007 6.55904 -0.273925 0.0452855 -0.0135442 -0.420792 1.49944 -0.637233 0.38612 -0.217981 -0.817598 0.397531 0.109638 -0.422905 0.495398 -0.584327 -0.320568 -0.273925 0.706735 -0.327895 -0.120834 -0.193971 -0.343327 1.50768 -0.740174 -0.825591 0.648833 -0.912809 0.115857 1.39017 -0.793826 -0.0380674 0.483386 0.0452855 -0.327895 3.03876 0.0695789 0.047313 1.61909 -4.01896 0.0931699 0.274457 0.0172677 -0.439358 -0.0333347 0.257746 -0.34606 -0.111298 -0.00516773 -0.0135442 -0.120834 0.0695789 0.491503 0.0195892 -0.267347 -0.0238856 0.255389 -0.500247 -0.192092 0.439137 -0.524371 0.189707 0.573628 -0.554368 -0.0108778 -0.420792 -0.193971 0.047313 0.0195892 1.05782 0.888729 -0.579557 -0.495352 -3.24608 -5.19803 1.15923 -2.47246 16.9912 1.5247 -0.168625 0.354382 1.49944 -0.343327 1.61909 -0.267347 0.888729 20.7556 -29.5861 -5.53858 7.72275 12.9744 2.81484 2.90675 -67.7608 -1.76123 -7.23922 -1.65125 -0.637233 1.50768 -4.01896 -0.0238856 -0.579557 -29.5861 94.8022
5.59619 0.573684 -3.30575 -0.807892 1.16595 2.4948 -1.70053 -0.96723 -0.397628 -0.557986 0.476013 -0.679752 0.0680444 0.003369 0.143613 -4.50214 0.573684 7.47702 1.71866 -4.17806 0.778062 -5.49906 -7.41153 0.340716 -0.0533711 -0.947627 -0.0298915 -1.25012 0.261024 -0.556957 -2.38844 7.52033 -3.30575 1.71866 11.5271 -0.361653 -1.09797 -12.4211 -1.06805 -2.33537 0.567864 0.520801 -0.844777 1.41102 -0.084136 -0.349693 -6.04091 12.3687 -0.807892 -4.17806 -0.361653 11.6909 -1.16006 2.42282 5.41128 -1.28264 -0.119031 1.39149 0.125444 -0.0250751 -0.476858 0.463735 0.938162 -1.31098 1.16595 0.778062 -1.09797 -1.16006 3.35088 -1.64128 -1.05339 -1.0296 0.307602 -0.817986 0.109971 -0.0226375 0.165991 -0.703895 -1.94022 1.18016 2.4948 -5.49906 -12.4211 2.42282 -1.64128 57.7784 3.6776 -2.50991 0.16552 -2.49611 -0.503138 -0.110693 0.396702 0.38342 16.557 -61.44 -1.70053 -7.41153 -1.06805 5.41128 -1.05339 3.6776 10.3976 -1.14362 0.180419 0.526333 0.249947 -0.09533 -0.301438 0.703256 0.864902 -3.54919 -0.96723 0.340716 -2.33537 -1.28264 -1.0296 -2.50991 -1.14362 12.3008 -0.904972 1.23882 -0.196315 -0.665292 -0.0729039 -0.443275 -0.146113 -0.902975 -0.397628 -0.0533711 0.567864 -0.119031 0.307602 0.16552 0.180419 -0.904972 1.33823 -0.206949 -0.149215 0.383532 0.0374154 -0.0213297 0.0557769 -0.680076 -0.557986 -0.947627 0.520801 1.39149 -0.817986 -2.49611 0.526333 1.23882 -0.206949 5.58426 -0.272533 0.203329 -0.14552 -0.217129 0.336088 1.81432 0.476013 -0.0298915 -0.844777 0.125444 0.109971 -0.503138 0.249947 -0.196315 -0.149215 -0.272533 0.654056 -0.381659 -0.189219 -0.110683 -0.0350529 1.05284 -0.679752 -1.25012 1.41102 -0.0250751 -0.0226375 -0.110693 -0.09533 -0.665292 0.383532 0.203329 -0.381659 3.18443 0.0110599 0.0687412 0.852249 -2.44946 0.0680444 0.261024 -0.084136 -0.476858 0.165991 0.396702 -0.301438 -0.0729039 0.0374154 -0.14552 -0.189219 0.0110599 0.483073 -0.00478364 -0.215132 -0.246991 0.003369 -0.556957 -0.349693 0.463735 -0.703895 0.38342 0.703256 -0.443275 -0.0213297 -0.217129 -0.110683 0.0687412 -0.00478364 1.11537 0.896769 -0.373058 0.143613 -2.38844 -6.04091 0.938162 -1.94022 16.557 0.864902 -0.146113 0.0557769 0.336088 -0.0350529 0.852249 -0.215132 0.896769 20.4376 -28.7438 -4.50214 7.52033 12.3687 -1.31098 1.18016 -61.44 -3.54919 -0.902975 -0.680076 1.81432 1.05284 -2.44946 -0.246991 -0.373058 -28.7438 83.9348
5.42183 0.438543 -2.73723 0.152504 0.845275 2.59614 -1.35207 -1.92291 -0.138608 -0.00320973 0.418803 -0.627271 0.073067 0.117881 0.478404 -4.39487 0.438543 7.05764 1.49354 -3.9703 0.553871 -4.72837 -6.37503 -0.275298 -0.00857174 -1.02112 -0.0142137 -1.17037 0.0411344 -0.5122 -0.163657 5.3097 -2.73723 1.49354 11.2705 -1.27366 -1.75646 -10.2253 -1.33041 -1.96865 0.507489 1.18644 -0.920058 0.981718 -0.00902252 -0.179221 -4.44784 8.85073 0.152504 -3.9703 -1.27366 12.4254 -0.945897 4.17475 4.42086 -1.30511 0.157872 1.46732 0.200927 -0.252665 -0.578543 0.347301 1.00582 -3.22901 0.845275 0.553871 -1.75646 -0.945897 3.6857 -1.95446 -0.982374 -0.926636 0.208791 -0.626404 0.222974 0.683068 -0.0325336 -0.692323 -0.923059 0.976095 2.59614 -4.72837 -10.2253 4.17475 -1.95446 49.0717 4.02203 -1.3869 -0.403319 -1.67989 0.0215336 0.379803 -0.0305908 0.0797618 10.2548 -49.5547 -1.35207 -6.37503 -1.33041 4.42086 -0.982374 4.02203 8.53582 0.0727592 0.060945 0.151241 0.301589 -0.58224 -0.021993 0.695027 -0.273204 -3.04081 -1.92291 -0.275298 -1.96865 -1.30511 -0.926636 -1.3869 0.0727592 12.3589 -0.850919 -0.0917147 -0.660394 -0.465893 0.334105 -0.095005 -1.0726 -1.69989 -0.138608 -0.00857174 0.507489 0.157872 0.208791 -0.403319 0.060945 -0.850919 1.36117 -0.148842 -0.0915276 0.298555 -0.0341477 0.0712471 -0.0752102 -0.00829115 -0.00320973 -1.02112 1.18644 1.46732 -0.626404 -1.67989 0.151241 -0.0917147 -0.148842 5.44272 -0.365236 0.205333 -0.0824911 -0.249791 -0.473083 1.25846 0.418803 -0.0142137 -0.920058 0.200927 0.222974 0.0215336 0.301589 -0.660394 -0.0915276 -0.365236 0.665571 -0.275756 -0.231338 -0.0999297 0.416338 0.396814 -0.627271 -1.17037 0.981718 -0.252665 0.683068 0.379803 -0.58224 -0.465893 0.298555 0.205333 -0.275756 3.31487 -0.053516 -0.180883 0.535253 -2.75035 0.073067 0.0411344 -0.00902252 -0.578543 -0.0325336 -0.0305908 -0.021993 0.334105 -0.0341477 -0.0824911 -0.231338 -0.053516 0.569722 0.0703178 -0.491158 0.249151 0.117881 -0.5122 -0.179221 0.347301 -0.692323 0.0797618 0.695027 -0.095005 0.0712471 -0.249791 -0.0999297 -0.180883 0.0703178 0.992116 0.100034 0.201588 0.478404 -0.163657 -4.44784 1.00582 -0.923059 10.2548 -0.273204 -1.0726 -0.0752102 -0.473083 0.416338 0.535253 -0.491158 0.100034 18.1553 -21.9741 -4.39487 5.3097 8.85073 -3.22901 0.976095 -49.5547 -3.04081 -1.69989 -0.00829115 1.25846 0.396814 -2.75035 0.249151 0.201588 -21.9741 69.5116
6.63863 0.249257 -4.14783 -0.674062 0.927144 2.6456 -1.48464 -1.7373 -0.0210555 -0.0858938 0.624457 -0.859134 -0.0608983 0.433038 -0.401712 -3.31519 0.249257 7.86347 2.40863 -4.6887 -0.748259 -5.53649 -6.75765 -0.252485 -0.587887 -0.773678 -0.151437 -1.87143 0.044864 -0.276859 -0.117651 6.84254 -4.14783 2.40863 15.3677 -3.27657 -2.70444 -13.7262 -1.61309 -1.9816 -0.127803 0.597764 -1.09175 0.710873 0.0549269 0.0402058 -4.85538 10.7884 -0.674062 -4.6887 -3.27657 13.3556 -0.198898 6.52284 4.67632 0.540221 0.128573 1.33746 0.235069 -0.0375628 -0.575771 -0.0791082 2.71178 -5.96186 0.927144 -0.748259 -2.70444 -0.198898 3.44875 -0.591784 0.34053 -1.19949 0.296209 -0.274746 0.235798 0.715559 0.120783 -0.515977 -0.758618 0.517451 2.6456 -5.53649 -13.7262 6.52284 -0.591784 55.5513 3.66111 -2.36534 1.05834 -2.37362 0.404637 0.314882 -0.30783 -0.189024 11.0936 -53.0655 -1.48464 -6.75765 -1.61309 4.67632 0.34053 3.66111 8.54432 0.300767 0.337069 0.241458 0.252202 0.257712 -0.046351 0.336582 -0.793216 -3.43051 -1.7373 -0.252485 -1.9816 0.540221 -1.19949 -2.36534 0.300767 13.7708 -0.740999 0.459516 -0.83256 -0.70297 0.404014 -0.28279 -1.23335 -1.14069 -0.0210555 -0.587887 -0.127803 0.128573 0.296209 1.05834 0.337069 -0.740999 1.43222 -0.345574 0.00557832 0.494862 0.0150537 0.0718182 0.550762 -1.80442 -0.0858938 -0.773678 0.597764 1.33746 -0.274746 -2.37362 0.241458 0.459516 -0.345574 5.13287 -0.298759 -0.0581997 0.0920412 -0.41914 -1.63301 3.05648 0.624457 -0.151437 -1.09175 0.235069 0.235798 0.404637 0.252202 -0.83256 0.00557832 -0.298759 0.645521 -0.108981 -0.23267 -0.0743553 0.340079 0.0881396 -0.859134 -1.87143 0.710873 -0.0375628 0.715559 0.314882 0.257712 -0.70297 0.494862 -0.0581997 -0.108981 3.51245 0.18681 -0.162563 0.41352 -2.49057 -0.0608983 0.044864 0.0549269 -0.575771 0.120783 -0.30783 -0.046351 0.404014 0.0150537 0.0920412 -0.23267 0.18681 0.589491 -0.0223088 -0.859184 0.637813 0.433038 -0.276859 0.0402058 -0.0791082 -0.515977 -0.189024 0.336582 -0.28279 0.0718182 -0.41914 -0.0743553 -0.162563 -0.0223088 1.01343 0.343896 -0.233161 -0.401712 -0.117651 -4.85538 2.71178 -0.758618 11.0936 -0.793216 -1.23335 0.550762 -1.63301 0.340079 0.41352 -0.859184 0.343896 18.8922 -22.182 -3.31519 6.84254 10.7884 -5.96186 0.517451 -53.0655 -3.43051 -1.14069 -1.80442 3.05648 0.0881396 -2.49057 0.637813 -0.233161 -22.182 69.4524
6.54229 0.513893 -4.02169 -0.658579 0.87568 3.51305 -2.0368 0.225872 -0.130622 -0.36346 0.286551 -0.977678 0.204057 0.40879 -2.33811 -3.28013 0.513893 6.16837 1.60736 -3.92639 -0.624396 -4.35343 -5.50542 0.240718 -0.0320845 -0.679765 -0.0539951 -1.54981 0.0377294 -0.242135 -0.00698327 5.05262 -4.02169 1.60736 13.5109 -3.04679 -2.10986 -13.1961 -0.879598 -1.61967 0.0451949 0.906745 -1.01435 1.32253 -0.148659 -0.0989693 -2.0391 7.98373 -0.658579 -3.92639 -3.04679 15.9783 -0.209039 5.76703 4.67263 0.0699597 0.10896 1.58804 0.294493 0.00319578 -0.413192 -0.208426 0.067412 -2.50626 0.87568 -0.624396 -2.10986 -0.209039 3.19701 -0.416016 0.222885 -0.747733 0.221704 -0.675687 0.183956 0.636472 0.16546 -0.476208 -1.137 0.117631 3.51305 -4.35343 -13.1961 5.76703 -0.416016 49.4282 2.068 -2.30409 -0.364983 -1.86247 -0.050741 0.00714868 -0.238304 -0.108277 7.95748 -44.904 -2.0368 -5.50542 -0.879598 4.67263 0.222885 2.068 7.42434 -0.134417 0.0973313 0.214337 0.215381 0.159654 -0.00900295 0.190329 -0.46672 -1.48325 0.225872 0.240718 -1.61967 0.0699597 -0.747733 -2.30409 -0.134417 11.9479 -0.0746366 -0.0819062 -0.557476 -1.35384 0.466238 -0.200038 -2.36939 -1.0378 -0.130622 -0.0320845 0.0451949 0.10896 0.221704 -0.364983 0.0973313 -0.0746366 1.2743 -0.166102 -0.0180369 0.23517 0.106284 0.0754428 0.217119 -0.359923 -0.36346 -0.679765 0.906745 1.58804 -0.675687 -1.86247 0.214337 -0.0819062 -0.166102 5.402 -0.23498 0.462379 0.14465 -0.289615 -1.9088 3.53217 0.286551 -0.0539951 -1.01435 0.294493 0.183956 -0.050741 0.215381 -0.557476 -0.0180369 -0.23498 0.691975 -0.113683 -0.0947008 -0.0808561 0.26728 0.683147 -0.977678 -1.54981 1.32253 0.00319578 0.636472 0.00714868 0.159654 -1.35384 0.23517 0.462379 -0.113683 3.36106 0.0364092 -0.0298697 0.611114 -2.14785 0.204057 0.0377294 -0.148659 -0.413192 0.16546 -0.238304 -0.00900295 0.466238 0.106284 0.14465 -0.0947008 0.0364092 0.505802 -0.065405 -0.98479 0.652256 0.40879 -0.242135 -0.0989693 -0.208426 -0.476208 -0.108277 0.190329 -0.200038 0.0754428 -0.289615 -0.0808561 -0.0298697 -0.065405 1.01746 0.374664 -0.339701 -2.33811 -0.00698327 -2.0391 0.067412 -1.137 7.95748 -0.46672 -2.36939 0.217119 -1.9088 0.26728 0.611114 -0.98479 0.374664 19.9917 -20.8897 -3.28013 5.05262 7.98373 -2.50626 0.117631 -44.904 -1.48325 -1.0378 -0.359923 3.53217 0.683147 -2.14785 0.652256 -0.339701 -20.8897 62.9355
6.15799 1.13184 -2.52175 -1.37667 1.07946 4.06001 -2.46259 -0.507317 0.122166 0.00285715 0.283875 -1.04069 0.172081 0.00917811 -2.36225 -4.64432 1.13184 7.05639 2.19228 -4.44535 -0.669199 -2.70386 -6.87839 -0.994421 0.0889608 -0.658292 -0.274718 -1.45253 0.0709001 -0.321986 -0.611843 4.38126 -2.52175 2.19228 13.2274 -2.82831 -3.03769 -14.7232 -2.26978 -2.10035 0.0619215 1.56355 -0.772495 0.848588 -0.183773 0.16935 -2.95924 11.5429 -1.37667 -4.44535 -2.82831 15.6017 0.0866886 3.18777 5.50264 0.334555 0.0813464 0.783042 0.27037 0.454616 -0.211048 0.469787 0.438857 -1.50269 1.07946 -0.669199 -3.03769 0.0866886 3.73713 0.398375 0.344549 -0.712678 0.277853 -0.567158 0.0517079 0.209976 0.13018 -0.531369 -1.3418 -0.138249 4.06001 -2.70386 -14.7232 3.18777 0.398375 54.516 1.76223 -0.607185 0.942737 -4.06318 0.493006 -0.818801 -0.108588 -0.210839 10.0898 -53.876 -2.46259 -6.87839 -2.26978 5.50264 0.344549 1.76223 9.48613 0.654331 -0.243709 0.154871 0.383043 0.116996 -0.091693 0.433272 1.01569 -2.42252 -0.507317 -0.994421 -2.10035 0.334555 -0.712678 -0.607185 0.654331 11.8787 -0.341559 -0.669118 -0.477624 -0.628335 0.460363 -0.360977 -1.77768 -2.40517 0.122166 0.0889608 0.0619215 0.0813464 0.277853 0.942737 -0.243709 -0.341559 1.51154 -0.139767 -0.242564 0.0501085 0.0374913 0.00413022 0.0596095 -1.25141 0.00285715 -0.658292 1.56355 0.783042 -0.567158 -4.06318 0.154871 -0.669118 -0.139767 6.02998 0.0188781 0.461874 0.00141547 -0.184739 -2.61596 5.46251 0.283875 -0.274718 -0.772495 0.27037 0.0517079 0.493006 0.383043 -0.477624 -0.242564 0.0188781 0.693673 0.0319257 -0.166858 -0.041105 0.211226 -0.186882 -1.04069 -1.45253 0.848588 0.454616 0.209976 -0.818801 0.116996 -0.628335 0.0501085 0.461874 0.0319257 3.08815 0.0249668 0.17605 0.393401 -0.494745 0.172081 0.0709001 -0.183773 -0.211048 0.13018 -0.108588 -0.091693 0.460363 0.0374913 0.00141547 -0.166858 0.0249668 0.517624 -0.0794391 -0.749067 0.407484 0.00917811 -0.321986 0.16935 0.469787 -0.531369 -0.210839 0.433272 -0.360977 0.00413022 -0.184739 -0.041105 0.17605 -0.0794391 0.897942 0.193212 0.208305 -2.36225 -0.611843 -2.95924 0.438857 -1.3418 10.0898 1.01569 -1.77768 0.0596095 -2.61596 0.211226 0.393401 -0.749067 0.193212 20.9276 -23.1497 -4.64432 4.38126 11.5429 -1.50269 -0.138249 -53.876 -2.42252 -2.40517 -1.25141 5.46251 -0.186882 -0.494745 0.407484 0.208305 -23.1497 72.865
6.46237 2.04283 -3.03546 -1.50519 1.00478 4.59954 -3.51078 -0.17985 -0.0982488 0.295931 0.299562 -0.942395 0.0182981 -0.0587146 -0.688557 -6.34521 2.04283 6.98128 1.10819 -3.68244 -0.268785 -0.635233 -7.57636 -0.533303 -0.202177 -0.409391 -0.343175 -0.875604 0.166443 -0.345929 -0.317062 1.61062 -3.03546 1.10819 11.4064 -1.9959 -2.21305 -10.8177 -0.914022 -1.89399 -0.0953014 0.989637 -0.576345 0.911745 -0.234119 0.0563012 -3.00333 8.45083 -1.50519 -3.68244 -1.9959 15.6086 -5.49628e-05 1.94051 4.26682 -0.122716 -0.0731395 0.248964 -0.0870871 0.439734 -0.186385 0.724922 -0.306765 0.907083 1.00478 -0.268785 -2.21305 -5.49628e-05 3.37891 0.643001 -0.0555521 -0.503916 0.265599 -0.350418 -0.0493916 0.0591461 0.132285 -0.664183 -0.769424 -1.29789 4.59954 -0.635233 -10.8177 1.94051 0.643001 43.7288 -0.342402 -1.89414 0.199932 -1.00557 0.213436 -1.09153 0.208127 -0.446022 6.23629 -42.0225 -3.51078 -7.57636 -0.914022 4.26682 -0.0555521 -0.342402 10.9451 0.0684273 -0.0182734 -0.385787 0.444583 -0.240366 -0.0383912 0.507743 -0.00223639 0.614908 -0.17985 -0.533303 -1.89399 -0.122716 -0.503916 -1.89414 0.0684273 10.1647 0.0814605 -0.517068 -0.496851 -0.704527 0.215517 -0.204705 -1.74628 -0.40475 -0.0982488 -0.202177 -0.0953014 -0.0731395 0.265599 0.199932 -0.0182734 0.0814605 1.73056 0.306858 -0.220384 0.315624 0.0406614 0.0271283 -0.252233 -0.361435 0.295931 -0.409391 0.989637 0.248964 -0.350418 -1.00557 -0.385787 -0.517068 0.306858 6.80367 0.107993 0.370368 -0.050812 -0.542679 -2.18672 2.41906 0.299562 -0.343175 -0.576345 -0.0870871 -0.0493916 0.213436 0.444583 -0.496851 -0.220384 0.107993 0.737752 0.158616 -0.208646 -0.137817 0.184323 -0.0198246 -0.942395 -0.875604 0.911745 0.439734 0.0591461 -1.09153 -0.240366 -0.704527 0.315624 0.370368 0.158616 2.54895 -0.0327703 0.0591648 0.582007 -0.095923 0.0182981 0.166443 -0.234119 -0.186385 0.132285 0.208127 -0.0383912 0.215517 0.0406614 -0.050812 -0.208646 -0.0327703 0.488365 -0.0822768 -0.800946 0.504076 -0.0587146 -0.345929 0.0563012 0.724922 -0.664183 -0.446022 0.507743 -0.204705 0.0271283 -0.542679 -0.137817 0.0591648 -0.0822768 1.1269 0.38865 0.475279 -0.688557 -0.317062 -3.00333 -0.306765 -0.769424 6.23629 -0.00223639 -1.74628 -0.252233 -2.18672 0.184323 0.582007 -0.800946 0.38865 18.9177 -19.2261 -6.34521 1.61062 8.45083 0.907083 -1.29789 -42.0225 0.614908 -0.40475 -0.361435 2.41906 -0.0198246 -0.095923 0.504076 0.475279 -19.2261 60.3419
6.10609 1.47343 -3.67167 -1.05946 0.74359 5.40288 -3.06869 0.477524 -0.0458838 0.807952 0.275997 -0.788359 0.059555 -0.0321062 -0.575585 -6.595 1.47343 6.04283 0.707834 -2.64147 0.0802505 0.752426 -6.5399 -0.913966 -0.106506 0.239054 -0.351142 -0.559329 0.0473104 -0.310063 0.876331 -0.486414 -3.67167 0.707834 12.0346 -0.404475 -2.2978 -13.1686 -0.109802 -2.5251 0.0191398 0.33345 -0.474963 0.909376 -0.581755 0.148349 -3.36028 11.6477 -1.05946 -2.64147 -0.404475 14.5612 -0.636395 0.216025 3.11495 0.230476 -0.0992452 1.16495 -0.174234 0.0361873 0.0219083 0.467296 -1.87784 2.81752 0.74359 0.0802505 -2.2978 -0.636395 3.79612 0.224923 -0.0925887 -0.261737 0.528083 -0.842354 -0.0350968 0.0277575 0.324196 -0.451936 -0.551544 -1.52593 5.40288 0.752426 -13.1686 0.216025 0.224923 51.6486 -2.68296 -5.26784 -0.0646917 -1.12531 -0.221203 -0.994876 0.0893751 -0.125627 13.048 -50.9332 -3.06869 -6.5399 -0.109802 3.11495 -0.0925887 -2.68296 10.1324 0.558793 -0.039754 -1.35994 0.360394 -0.547637 0.16327 0.555149 -1.57217 3.34633 0.477524 -0.913966 -2.5251 0.230476 -0.261737 -5.26784 0.558793 11.1153 -0.323313 0.0338264 -0.19428 -0.989946 0.314366 -0.430869 -4.13068 4.05696 -0.0458838 -0.106506 0.0191398 -0.0992452 0.528083 -0.0646917 -0.039754 -0.323313 1.76384 -0.508201 -0.104302 0.32733 -0.000634095 -0.00709413 -0.0246044 -0.478667 0.807952 0.239054 0.33345 1.16495 -0.842354 -1.12531 -1.35994 0.0338264 -0.508201 6.83733 0.27715 0.564603 -0.167696 -0.747682 -1.2057 2.00162 0.275997 -0.351142 -0.474963 -0.174234 -0.0350968 -0.221203 0.360394 -0.19428 -0.104302 0.27715 0.626073 0.154642 -0.143718 -0.210539 -0.0269523 0.342125 -0.788359 -0.559329 0.909376 0.0361873 0.0277575 -0.994876 -0.547637 -0.989946 0.32733 0.564603 0.154642 2.50001 -0.0914311 -0.000207437 0.580532 -0.195907 0.059555 0.0473104 -0.581755 0.0219083 0.324196 0.0893751 0.16327 0.314366 -0.000634095 -0.167696 -0.143718 -0.0914311 0.446341 -0.039973 -0.676294 0.464486 -0.0321062 -0.310063 0.148349 0.467296 -0.451936 -0.125627 0.555149 -0.430869 -0.00709413 -0.747682 -0.210539 -0.000207437 -0.039973 1.05493 -0.00427573 0.519705 -0.575585 0.876331 -3.36028 -1.87784 -0.551544 13.048 -1.57217 -4.13068 -0.0246044 -1.2057 -0.0269523 0.580532 -0.676294 -0.00427573 18.6257 -22.4909 -6.595 -0.486414 11.6477 2.81752 -1.52593 -50.9332 3.34633 4.05696 -0.478667 2.00162 0.342125 -0.195907 0.464486 0.519705 -22.4909 64.2827
8.11875 1.2703 -4.30368 -1.20701 0.476808 6.48766 -3.13943 1.34378 -0.0686319 -0.0851208 0.245653 -1.293 0.0485523 0.348268 -1.00847 -8.55481 1.2703 6.01334 1.85956 -3.45794 -0.477806 -2.78845 -6.60883 -1.20865 -0.376298 0.0136162 -0.125178 -0.635255 0.0294596 -0.189025 -0.326276 3.7031 -4.30368 1.85956 12.9466 -1.30002 -2.17437 -15.1 -1.31778 -2.80144 -0.290338 1.4185 -0.479257 0.822824 -0.546143 -0.355489 -5.7175 15.2529 -1.20701 -3.45794 -1.30002 15.7717 -0.000428227 2.42965 4.23418 0.635391 -0.325309 1.6833 -0.118227 0.532541 -0.140973 0.165941 -3.7024 1.61697 0.476808 -0.477806 -2.17437 -0.000428227 4.10237 1.6002 0.798462 -1.36018 0.51311 -0.834336 -0.0192841 -0.121061 0.149632 -0.366362 -0.112863 -2.85871 6.48766 -2.78845 -15.1 2.42965 1.6002 54.0451 0.926441 -3.81699 -0.190197 -2.44201 0.105678 0.0473122 0.254939 -0.101202 14.3019 -56.9935 -3.13943 -6.60883 -1.31778 4.23418 0.798462 0.926441 10.3549 0.355032 0.273361 -0.523775 0.272 -0.393469 0.149636 0.188172 -0.462796 -0.449321 1.34378 -1.20865 -2.80144 0.635391 -1.36018 -3.81699 0.355032 11.7569 -0.256991 -0.0237266 -0.1784 -0.712477 0.227399 -0.162048 -2.98892 1.5135 -0.0686319 -0.376298 -0.290338 -0.325309 0.51311 -0.190197 0.273361 -0.256991 1.86664 -0.438712 -0.0602164 0.161574 -0.0563346 0.0734488 -0.0803124 -0.00713908 -0.0851208 0.0136162 1.4185 1.6833 -0.834336 -2.44201 -0.523775 -0.0237266 -0.438712 6.5172 -0.138131 0.129159 -0.320719 -0.533459 -1.8432 3.63635 0.245653 -0.125178 -0.479257 -0.118227 -0.0192841 0.105678 0.272 -0.1784 -0.0602164 -0.138131 0.534668 0.053731 -0.127722 -0.132708 -0.346444 0.452788 -1.293 -0.635255 0.822824 0.532541 -0.121061 0.0473122 -0.393469 -0.712477 0.161574 0.129159 0.053731 2.51942 -0.151419 0.0217521 0.611859 -0.897821 0.0485523 0.0294596 -0.546143 -0.140973 0.149632 0.254939 0.149636 0.227399 -0.0563346 -0.320719 -0.127722 -0.151419 0.492256 0.0610264 -0.137772 0.0504708 0.348268 -0.189025 -0.355489 0.165941 -0.366362 -0.101202 0.188172 -0.162048 0.0734488 -0.533459 -0.132708 0.0217521 0.0610264 0.865145 0.44209 0.0758771 -1.00847 -0.326276 -5.7175 -3.7024 -0.112863 14.3019 -0.462796 -2.98892 -0.0803124 -1.8432 -0.346444 0.611859 -0.137772 0.44209 22.5052 -25.9679 -8.55481 3.7031 15.2529 1.61697 -2.85871 -56.9935 -0.449321 1.5135 -0.00713908 3.63635 0.452788 -0.897821 0.0504708 0.0758771 -25.9679 76.0971
7.69702 0.760105 -4.12801 -1.12299 0.36982 6.53189 -2.15125 0.65098 -0.294939 -0.145837 0.369408 -1.26301 0.161017 0.498218 -0.59311 -8.8165 0.760105 6.98093 2.67873 -2.32122 0.162034 -2.98103 -6.96355 -1.70996 -0.199631 0.518039 -0.327122 -1.12303 0.173381 -0.275199 -2.14571 5.23652 -4.12801 2.67873 13.7467 -0.284457 -1.34894 -16.3679 -1.8357 -3.12764 0.107959 1.53896 -0.685863 0.454774 -0.428751 -0.511287 -6.89475 16.6666 -1.12299 -2.32122 -0.284457 14.4892 -0.62384 0.0119995 3.58487 -0.395599 -0.307598 1.17775 0.153462 0.2893 -0.140887 0.0254921 -3.26358 4.15417 0.36982 0.162034 -1.34894 -0.62384 3.2482 0.202045 -0.0668502 -1.52481 0.471965 -0.151401 -0.158254 0.148622 0.186462 -0.372091 0.25481 -1.48616 6.53189 -2.98103 -16.3679 0.0119995 0.202045 54.9514 0.685266 -1.44617 -0.332489 -4.49561 0.611303 0.640693 0.175665 0.870544 15.1817 -59.1226 -2.15125 -6.96355 -1.8357 3.58487 -0.0668502 0.685266 9.95158 1.04421 0.302146 -0.740373 0.260888 -0.0993683 -0.00329147 0.0891582 0.544957 -0.989282 0.65098 -1.70996 -3.12764 -0.395599 -1.52481 -1.44617 1.04421 12.577 -0.24397 -0.490406 -0.260268 -0.597353 0.224944 -0.190652 -1.79989 -1.22644 -0.294939 -0.199631 0.107959 -0.307598 0.471965 -0.332489 0.302146 -0.24397 1.62428 -0.431935 -0.0681557 0.345034 -0.00809249 -0.0621534 -0.56331 0.256561 -0.145837 0.518039 1.53896 1.17775 -0.151401 -4.49561 -0.740373 -0.490406 -0.431935 5.91186 0.00310788 -0.113178 -0.186746 -0.453974 -2.46884 5.98907 0.369408 -0.327122 -0.685863 0.153462 -0.158254 0.611303 0.260888 -0.260268 -0.0681557 0.00310788 0.536895 0.0126061 -0.162771 -0.113969 -0.017232 -0.0868946 -1.26301 -1.12303 0.454774 0.2893 0.148622 0.640693 -0.0993683 -0.597353 0.345034 -0.113178 0.0126061 2.81712 -0.200141 0.177236 1.07878 -2.20922 0.161017 0.173381 -0.428751 -0.140887 0.186462 0.175665 -0.00329147 0.224944 -0.00809249 -0.186746 -0.162771 -0.200141 0.494494 0.0210702 -0.154419 -0.0077831 0.498218 -0.275199 -0.511287 0.0254921 -0.372091 0.870544 0.0891582 -0.190652 -0.0621534 -0.453974 -0.113969 0.177236 0.0210702 0.808944 0.816944 -1.32806 -0.59311 -2.14571 -6.89475 -3.26358 0.25481 15.1817 0.544957 -1.79989 -0.56331 -2.46884 -0.017232 1.07878 -0.154419 0.816944 23.4147 -28.8431 -8.8165 5.23652 16.6666 4.15417 -1.48616 -59.1226 -0.989282 -1.22644 0.256561 5.98907 -0.0868946 -2.20922 -0.0077831 -1.32806 -28.8431 82.2585
7.60364 0.995243 -3.35114 0.144344 0.0375136 4.94602 -1.97532 0.585466 -0.152588 0.773209 0.346247 -1.42937 0.178902 0.467899 -2.61129 -5.8222 0.995243 5.71805 1.70998 -2.06982 -0.0901297 -0.429112 -5.71374 -0.0682312 0.021493 -0.187469 -0.201384 -1.14059 -0.00724851 -0.262558 -0.899723 0.794177 -3.35114 1.70998 12.6633 -0.596606 -1.15084 -12.365 -1.27802 -2.84282 0.199085 0.350136 -0.747041 0.379278 -0.639001 -0.48513 -4.68284 10.5011 0.144344 -2.06982 -0.596606 13.5221 -0.336795 0.507238 2.66994 -0.711119 0.0752025 1.65593 0.0905929 0.505057 -0.0520517 0.191011 -2.52307 1.98275 0.0375136 -0.0901297 -1.15084 -0.336795 3.11049 -0.106992 0.171825 -0.459491 0.155155 -0.265947 -0.131246 0.0940438 0.0970407 -0.52399 -0.511062 -0.862106 4.94602 -0.429112 -12.365 0.507238 -0.106992 46.6894 -0.881486 -2.86253 -0.137716 -1.67178 0.436884 0.61144 0.469761 0.125152 10.104 -46.8855 -1.97532 -5.71374 -1.27802 2.66994 0.171825 -0.881486 8.44434 -0.378054 -0.0407663 -0.389486 0.240329 -0.189406 0.102749 0.07188 0.0831346 1.83938 0.585466 -0.0682312 -2.84282 -0.711119 -0.459491 -2.86253 -0.378054 11.5605 -0.262446 0.254432 -0.255503 -0.699426 0.502588 -0.0439695 -2.23932 0.461671 -0.152588 0.021493 0.199085 0.0752025 0.155155 -0.137716 -0.0407663 -0.262446 1.59979 -0.292493 -0.0768772 0.150478 0.0234361 -0.036904 -0.814562 0.547335 0.773209 -0.187469 0.350136 1.65593 -0.265947 -1.67178 -0.389486 0.254432 -0.292493 6.18265 -0.0149042 -0.264034 -0.20424 -0.222023 -1.886 2.56381 0.346247 -0.201384 -0.747041 0.0905929 -0.131246 0.436884 0.240329 -0.255503 -0.0768772 -0.0149042 0.48019 0.0645422 -0.0925848 -0.0139649 -0.174161 0.254897 -1.42937 -1.14059 0.379278 0.505057 0.0940438 0.61144 -0.189406 -0.699426 0.150478 -0.264034 0.0645422 3.47433 -0.192421 0.270806 1.09262 -2.19534 0.178902 -0.00724851 -0.639001 -0.0520517 0.0970407 0.469761 0.102749 0.502588 0.0234361 -0.20424 -0.0925848 -0.192421 0.541081 -0.00801202 -0.319666 -0.0101004 0.467899 -0.262558 -0.48513 0.191011 -0.52399 0.125152 0.07188 -0.0439695 -0.036904 -0.222023 -0.0139649 0.270806 -0.00801202 0.867622 0.639547 -0.518818 -2.61129 -0.899723 -4.68284 -2.52307 -0.511062 10.104 0.0831346 -2.23932 -0.814562 -1.886 -0.174161 1.09262 -0.319666 0.639547 22.8767 -22.7093 -5.8222 0.794177 10.5011 1.98275 -0.862106 -46.8855 1.83938 0.461671 0.547335 2.56381 0.254897 -2.19534 -0.0101004 -0.518818 -22.7093 65.3985
6.80342 0.645583 -4.20474 -0.386624 0.43715 5.53961 -1.54049 0.211368 0.0201494 0.546554 0.493561 -1.27802 0.228132 0.115319 -0.726316 -6.786 0.645583 5.82171 1.31592 -3.04486 -0.173743 0.23943 -5.64108 -1.2176 0.162698 -0.203506 -0.191865 -0.853001 0.0763451 -0.112798 -0.480563 1.32198 -4.20474 1.31592 14.3325 0.311637 -1.48816 -15.5139 -1.06511 -2.42017 0.485717 0.796905 -0.890333 0.629035 -0.978965 -0.402736 -6.08178 14.0648 -0.386624 -3.04486 0.311637 12.0303 -0.602763 1.25064 3.0843 0.422059 -0.404829 1.23521 -0.0505758 0.463306 -0.087654 0.0980665 -1.58926 -0.318938 0.43715 -0.173743 -1.48816 -0.602763 3.20146 0.993424 0.00551361 -1.39029 0.0652235 -0.92326 -0.000502925 0.332129 0.226292 -0.560772 -0.283625 -1.79701 5.53961 0.23943 -15.5139 1.25064 0.993424 53.122 -2.03383 -3.01041 -0.406325 -1.74781 -0.0565921 1.42528 1.3202 0.597184 12.797 -54.0689 -1.54049 -5.64108 -1.06511 3.0843 0.00551361 -2.03383 8.43869 0.666709 -0.288636 0.0187664 0.397494 -1.07135 0.0818442 -0.0540576 -0.0621996 2.21098 0.211368 -1.2176 -2.42017 0.422059 -1.39029 -3.01041 0.666709 12.7513 -0.281058 0.936942 -0.212337 -0.915365 0.254957 0.147699 -2.96741 0.960993 0.0201494 0.162698 0.485717 -0.404829 0.0652235 -0.406325 -0.288636 -0.281058 1.7192 -0.399173 0.0133094 0.254979 0.000897843 -0.137331 -0.547808 0.226852 0.546554 -0.203506 0.796905 1.23521 -0.92326 -1.74781 0.0187664 0.936942 -0.399173 6.85015 -0.13065 -0.569024 -0.487422 -0.249613 -1.7911 2.39727 0.493561 -0.191865 -0.890333 -0.0505758 -0.000502925 -0.0565921 0.397494 -0.212337 0.0133094 -0.13065 0.588149 -0.0381923 -0.125329 -0.173312 -0.0441907 0.456441 -1.27802 -0.853001 0.629035 0.463306 0.332129 1.42528 -1.07135 -0.915365 0.254979 -0.569024 -0.0381923 4.1946 -0.30685 0.161265 1.31398 -3.84256 0.228132 0.0763451 -0.978965 -0.087654 0.226292 1.3202 0.0818442 0.254957 0.000897843 -0.487422 -0.125329 -0.30685 0.676296 0.0617018 0.231987 -0.965661 0.115319 -0.112798 -0.402736 0.0980665 -0.560772 0.597184 -0.0540576 0.147699 -0.137331 -0.249613 -0.173312 0.161265 0.0617018 0.902426 0.49631 -0.481053 -0.726316 -0.480563 -6.08178 -1.58926 -0.283625 12.797 -0.0621996 -2.96741 -0.547808 -1.7911 -0.0441907 1.31398 0.231987 0.49631 21.4018 -24.2039 -6.786 1.32198 14.0648 -0.318938 -1.79701 -54.0689 2.21098 0.960993 0.226852 2.39727 0.456441 -3.84256 -0.965661 -0.481053 -24.2039 72.3645
7.5826 1.15977 -4.80783 -0.341088 0.357771 6.73147 -2.39233 0.829488 -0.281089 2.01798 0.268247 -1.31496 0.0946267 0.378127 -1.1119 -7.79599 1.15977 6.01511 0.581407 -3.63398 -0.363471 0.274371 -6.04324 0.715818 -0.188291 0.157096 -0.403841 -0.961976 0.270272 -0.123587 -0.556405 0.580691 -4.80783 0.581407 15.7421 -0.579369 -1.66188 -16.2645 0.272858 -2.18472 0.86337 -0.628276 -0.804453 0.645362 -0.724459 -0.799588 -4.40209 11.7176 -0.341088 -3.63398 -0.579369 13.9267 -0.349318 1.81809 4.48056 -1.23653 -0.327954 0.838795 0.199574 -0.331998 -0.399006 0.536819 -2.22908 1.75791 0.357771 -0.363471 -1.66188 -0.349318 3.1249 0.858263 -0.131413 -0.812597 0.168794 -1.24506 -0.01154 0.419633 0.0806194 -0.633033 -0.144992 -1.84018 6.73147 0.274371 -16.2645 1.81809 0.858263 54.0606 -2.44821 -1.22389 -1.5125 0.545771 -0.288705 0.600276 0.931808 1.44721 8.88573 -52.0743 -2.39233 -6.04324 0.272858 4.48056 -0.131413 -2.44821 9.04564 -1.2626 0.151228 -0.552613 0.521991 -0.511766 -0.157485 0.15284 -0.527205 3.52195 0.829488 0.715818 -2.18472 -1.23653 -0.812597 -1.22389 -1.2626 12.3355 -0.352711 1.36149 -0.216984 -0.749633 0.175917 -0.128565 -2.00405 -2.55885 -0.281089 -0.188291 0.86337 -0.327954 0.168794 -1.5125 0.151228 -0.352711 1.96858 -0.284987 -0.00402034 0.447142 -0.0877895 -0.291087 -0.136667 0.676097 2.01798 0.157096 -0.628276 0.838795 -1.24506 0.545771 -0.552613 1.36149 -0.284987 7.26926 -0.0425827 -0.509683 -0.217043 0.125973 -0.76755 -0.802723 0.268247 -0.403841 -0.804453 0.199574 -0.01154 -0.288705 0.521991 -0.216984 -0.00402034 -0.0425827 0.593869 0.0850464 -0.161232 -0.118572 -0.0941942 0.843211 -1.31496 -0.961976 0.645362 -0.331998 0.419633 0.600276 -0.511766 -0.749633 0.447142 -0.509683 0.0850464 3.40903 -0.279399 -0.0116954 1.2792 -2.64065 0.0946267 0.270272 -0.724459 -0.399006 0.0806194 0.931808 -0.157485 0.175917 -0.0877895 -0.217043 -0.161232 -0.279399 0.628284 0.0278506 0.037783 -0.302653 0.378127 -0.123587 -0.799588 0.536819 -0.633033 1.44721 0.15284 -0.128565 -0.291087 0.125973 -0.118572 -0.0116954 0.0278506 1.16917 0.117736 -0.565087 -1.1119 -0.556405 -4.40209 -2.22908 -0.144992 8.88573 -0.527205 -2.00405 -0.136667 -0.76755 -0.0941942 1.2792 0.037783 0.117736 18.7651 -19.7134 -7.79599 0.580691 11.7176 1.75791 -1.84018 -52.0743 3.52195 -2.55885 0.676097 -0.802723 0.843211 -2.64065 -0.302653 -0.565087 -19.7134 70.8018
