331.386 33.8129 -28.7311 24.9152 35.9951 -39.3398 12.7667 -45.0678 -216.08 -91.8973 24.7156 21.314 64.4508 -35.6009 91.1677 4.04782 33.8129 60.5392 -3.27191 26.0156 17.4177 -10.8419 32.4768 49.2074 -25.1406 3.66582 38.2802 -5.21801 -52.5739 -23.8609 2.92528 -4.4677 -28.7311 -3.27191 31.2318 -11.723 9.01501 1.91244 0.943981 -62.2324 -23.3949 0.553162 21.2434 -7.88294 -17.207 -27.5598 2.15072 -4.85772 24.9152 26.0156 -11.723 51.4436 21.9311 -4.6263 26.9582 56.9353 -68.6993 11.7982 34.2396 8.7622 104.402 -30.1751 20.6273 -3.08269 35.9951 17.4177 9.01501 21.9311 88.2275 -20.992 23.0959 -82.4713 -173.689 -26.3751 38.5369 34.985 22.9543 -36.8621 42.3036 -3.93794 -39.3398 -10.8419 1.91244 -4.6263 -20.992 29.4302 -3.85079 17.2967 21.9182 39.2714 -9.96232 -19.3534 55.8726 10.8284 -12.466 2.09985 12.7667 32.4768 0.943981 26.9582 23.0959 -3.85079 95.2234 3.18783 -72.493 29.4151 31.5927 -13.643 129.985 -46.0234 18.1191 4.16618 -45.0678 49.2074 -62.2324 56.9353 -82.4713 17.2967 3.18783 934.345 360.255 152.227 -42.8763 77.9395 69.6551 142.041 -61.2274 10.7323 -216.08 -25.1406 -23.3949 -68.6993 -173.689 21.9182 -72.493 360.255 1094.06 -22.0821 -86.382 -64.2474 -446.466 239.101 -207.458 40.3943 -91.8973 3.66582 0.553162 11.7982 -26.3751 39.2714 29.4151 152.227 -22.0821 386.68 -78.4973 -4.59951 -64.067 7.5275 -31.304 -3.93203 24.7156 38.2802 21.2434 34.2396 38.5369 -9.96232 31.5927 -42.8763 -86.382 -78.4973 302.377 -82.3226 93.9225 -51.7632 15.0117 -0.85467 21.314 -5.21801 -7.88294 8.7622 34.985 -19.3534 -13.643 77.9395 -64.2474 -4.59951 -82.3226 235.99 -1.93784 17.5616 54.1736 -22.7002 64.4508 -52.5739 -17.207 104.402 22.9543 55.8726 129.985 69.6551 -446.466 -64.067 93.9225 -1.93784 1744.81 -166.002 160.899 21.8028 -35.6009 -23.8609 -27.5598 -30.1751 -36.8621 10.8284 -46.0234 142.041 239.101 7.5275 -51.7632 17.5616 -166.002 338.955 -71.0742 42.8888 91.1677 2.92528 2.15072 20.6273 42.3036 -12.466 18.1191 -61.2274 -207.458 -31.304 15.0117 54.1736 160.899 -71.0742 105.533 -15.3462 4.04782 -4.4677 -4.85772 -3.08269 -3.93794 2.09985 4.16618 10.7323 40.3943 -3.93203 -0.85467 -22.7002 21.8028 42.8888 -15.3462 30.4371
218.682 25.856 -4.72342 21.3729 15.0632 3.30562 10.9821 -15.3493 -95.0248 13.7234 -76.7559 22.9366 -20.9181 -31.659 6.11442 4.88764 25.856 77.5172 2.00708 20.813 13.3425 -6.78023 0.16242 -26.1559 -34.8093 -12.1226 13.1574 15.653 -68.2129 -88.5542 -44.7374 -15.8091 -4.72342 2.00708 22.0206 -6.21076 1.19006 3.63793 -7.44584 15.9143 -8.70579 32.8897 14.7465 -17.5617 -2.38403 -16.5236 5.66155 -4.36105 21.3729 20.813 -6.21076 26.3686 10.8658 2.09558 5.72432 -8.51945 -7.51352 -16.1767 -8.4198 12.351 1.7035 -26.8485 -18.3378 -2.22174 15.0632 13.3425 1.19006 10.8658 43.2814 -1.36463 3.06975 -31.6694 -55.7286 -16.5954 -0.405358 4.63379 -65.4167 -7.68036 -5.1728 -5.96408 3.30562 -6.78023 3.63793 2.09558 -1.36463 23.2255 4.98479 1.83227 -0.0564529 31.6587 0.244491 -10.3278 8.53404 -0.375482 12.4565 2.11985 10.9821 0.16242 -7.44584 5.72432 3.06975 4.98479 52.4502 20.6577 -19.6231 28.3395 -5.02051 -25.5105 63.2397 10.7973 8.3823 9.06618 -15.3493 -26.1559 15.9143 -8.51945 -31.6694 1.83227 20.6577 462.944 128.287 138.727 86.7118 -138.097 377.608 -25.3396 43.7206 21.0449 -95.0248 -34.8093 -8.70579 -7.51352 -55.7286 -0.0564529 -19.6231 128.287 552.941 -26.0144 104.631 -3.27648 101.415 0.912806 -11.0022 29.845 13.7234 -12.1226 32.8897 -16.1767 -16.5954 31.6587 28.3395 138.727 -26.0144 441.391 12.9559 -149.759 199.245 -106.956 83.7421 -1.63279 -76.7559 13.1574 14.7465 -8.4198 -0.405358 0.244491 -5.02051 86.7118 104.631 12.9559 230.076 -35.275 -7.67039 -78.9481 -6.08164 -3.40922 22.9366 15.653 -17.5617 12.351 4.63379 -10.3278 -25.5105 -138.097 -3.27648 -149.759 -35.275 311.169 -204.252 -11.7683 -17.0055 1.85709 -20.9181 -68.2129 -2.38403 1.7035 -65.4167 8.53404 63.2397 377.608 101.415 199.245 -7.67039 -204.252 1112.92 46.0674 43.4427 35.8989 -31.659 -88.5542 -16.5236 -26.8485 -7.68036 -0.375482 10.7973 -25.3396 0.912806 -106.956 -78.9481 -11.7683 46.0674 433.169 39.4418 41.9405 6.11442 -44.7374 5.66155 -18.3378 -5.1728 12.4565 8.3823 43.7206 -11.0022 83.7421 -6.08164 -17.0055 43.4427 39.4418 110.833 5.41378 4.88764 -15.8091 -4.36105 -2.22174 -5.96408 2.11985 9.06618 21.0449 29.845 -1.63279 -3.40922 1.85709 35.8989 41.9405 5.41378 21.7706
245.69 -9.8606 -19.6589 6.02734 -19.8088 -14.2106 34.8741 -44.4461 -85.7186 44.6953 2.48687 107.946 -57.8692 61.4468 -21.4521 38.2013 -9.8606 55.9927 -13.9491 14.7741 2.08324 10.3332 5.81603 -38.6758 -28.1783 28.0187 -47.3827 -1.33003 -45.1347 -26.5382 4.70163 3.04863 -19.6589 -13.9491 33.9884 -12.5185 5.26195 -12.9483 -21.0876 43.9532 29.6523 -29.3281 30.5944 -10.2807 3.70938 -21.7243 -9.91961 -11.2066 6.02734 14.7741 -12.5185 27.2564 0.0275238 6.51279 5.39109 -86.4301 -16.1251 12.9278 -26.1751 9.09136 -35.6139 11.0472 6.30156 6.66399 -19.8088 2.08324 5.26195 0.0275238 47.5363 8.09006 -3.45403 17.0254 9.29792 -35.9715 17.5649 -3.42564 30.1705 10.5437 -2.07589 -3.25432 -14.2106 10.3332 -12.9483 6.51279 8.09006 46.9294 41.8321 -54.2151 20.5422 36.5216 -54.598 -27.1184 46.5654 -3.93124 28.8314 0.191516 34.8741 5.81603 -21.0876 5.39109 -3.45403 41.8321 133.965 -73.7377 30.6762 64.6083 -50.0201 17.7373 35.943 21.1161 24.3556 13.7674 -44.4461 -38.6758 43.9532 -86.4301 17.0254 -54.2151 -73.7377 918.039 -26.3017 -102.94 166.716 -176.93 516.268 -64.9589 -49.8864 -26.8438 -85.7186 -28.1783 29.6523 -16.1251 9.29792 20.5422 30.6762 -26.3017 395.797 -9.53508 82.5257 75.2787 217.598 -31.3114 -11.89 -23.4146 44.6953 28.0187 -29.3281 12.9278 -35.9715 36.5216 64.6083 -102.94 -9.53508 281.721 -109.427 3.41895 -60.5992 -135.742 56.5116 10.1954 2.48687 -47.3827 30.5944 -26.1751 17.5649 -54.598 -50.0201 166.716 82.5257 -109.427 348.301 15.1286 117.725 16.0671 -50.8165 -15.5857 107.946 -1.33003 -10.2807 9.09136 -3.42564 -27.1184 17.7373 -176.93 75.2787 3.41895 15.1286 337.904 -42.8831 36.0585 -36.7024 26.6859 -57.8692 -45.1347 3.70938 -35.6139 30.1705 46.5654 35.943 516.268 217.598 -60.5992 117.725 -42.8831 1734.37 84.7371 -31.093 15.4552 61.4468 -26.5382 -21.7243 11.0472 10.5437 -3.93124 21.1161 -64.9589 -31.3114 -135.742 16.0671 36.0585 84.7371 384.301 -62.8101 27.5003 -21.4521 4.70163 -9.91961 6.30156 -2.07589 28.8314 24.3556 -49.8864 -11.89 56.5116 -50.8165 -36.7024 -31.093 -62.8101 78.0311 -3.82237 38.2013 3.04863 -11.2066 6.66399 -3.25432 0.191516 13.7674 -26.8438 -23.4146 10.1954 -15.5857 26.6859 15.4552 27.5003 -3.82237 17.8692
229.402 6.36111 24.3458 36.8699 27.2063 -3.13429 -18.1178 -170.351 -10.3814 -7.08189 58.5669 79.0766 197.141 3.06196 -13.3463 42.9221 6.36111 79.3366 15.8217 0.756883 -8.99927 7.88911 -14.8828 -45.8252 101.831 78.2606 -25.8918 71.3734 134.646 1.88012 38.6271 -13.5622 24.3458 15.8217 33.0278 2.42499 5.93442 0.347233 -10.6575 -13.4449 4.53688 37.9207 38.833 -6.01364 106.034 -24.5734 3.9071 7.48341 36.8699 0.756883 2.42499 33.1803 4.39451 2.01859 -3.37343 -78.9822 5.86543 9.54134 3.49482 37.8559 54.2511 -1.4623 8.26393 7.46202 27.2063 -8.99927 5.93442 4.39451 58.5418 16.2932 8.02227 4.62203 -18.9714 -20.7979 50.2609 -22.0621 79.2464 -0.346314 -16.3497 4.65052 -3.13429 7.88911 0.347233 2.01859 16.2932 33.3385 7.10669 -10.5749 0.848387 25.0005 -2.20146 0.107604 28.5576 -0.380099 5.46042 -6.37837 -18.1178 -14.8828 -10.6575 -3.37343 8.02227 7.10669 82.7803 27.8503 -60.6479 -53.6729 -22.981 8.99141 -66.347 9.47517 -6.14782 -5.65018 -170.351 -45.8252 -13.4449 -78.9822 4.62203 -10.5749 27.8503 574.412 15.8577 -79.0145 39.4596 -165.154 -176.053 -31.1093 -9.58925 -43.6288 -10.3814 101.831 4.53688 5.86543 -18.9714 0.848387 -60.6479 15.8577 804.815 142.156 -59.9208 174.356 159.397 38.5981 133.962 -45.4964 -7.08189 78.2606 37.9207 9.54134 -20.7979 25.0005 -53.6729 -79.0145 142.156 379.412 64.3518 -10.5843 203.145 38.7719 72.0716 -1.06047 58.5669 -25.8918 38.833 3.49482 50.2609 -2.20146 -22.981 39.4596 -59.9208 64.3518 389.644 -102.443 221.253 -6.42814 -49.0954 28.5915 79.0766 71.3734 -6.01364 37.8559 -22.0621 0.107604 8.99141 -165.154 174.356 -10.5843 -102.443 317.278 167.451 7.63768 67.1955 -27.5086 197.141 134.646 106.034 54.2511 79.2464 28.5576 -66.347 -176.053 159.397 203.145 221.253 167.451 1353.36 -77.0677 93.1835 25.8603 3.06196 1.88012 -24.5734 -1.4623 -0.346314 -0.380099 9.47517 -31.1093 38.5981 38.7719 -6.42814 7.63768 -77.0677 193.399 9.44682 8.2761 -13.3463 38.6271 3.9071 8.26393 -16.3497 5.46042 -6.14782 -9.58925 133.962 72.0716 -49.0954 67.1955 93.1835 9.44682 86.9287 -20.5744 42.9221 -13.5622 7.48341 7.46202 4.65052 -6.37837 -5.65018 -43.6288 -45.4964 -1.06047 28.5915 -27.5086 25.8603 8.2761 -20.5744 30.9876
443.111 -27.9877 9.17971 6.61168 85.145 23.4703 -10.973 -196.916 -21.7821 -101.201 131.282 0.795742 485.074 21.0791 -136.244 81.8068 -27.9877 49.0668 -3.25931 4.20313 -3.25985 6.19649 -1.50684 50.8656 -0.319307 -12.4032 -25.7798 54.7832 -7.89179 -1.3179 39.9327 -18.6754 9.17971 -3.25931 17.3725 5.3011 10.0685 2.25491 -0.85283 -3.32376 33.7208 20.3862 44.2997 3.21689 67.1288 -10.8795 9.16255 0.680179 6.61168 4.20313 5.3011 48.6185 11.483 12.6519 4.62022 -10.5826 -28.2547 -7.4967 1.00407 15.8071 20.6683 25.3245 -6.6158 20.8028 85.145 -3.25985 10.0685 11.483 89.4415 49.9589 -3.05954 3.0043 -35.9718 36.4411 89.1376 -27.1555 213.404 10.8849 -25.7934 25.5387 23.4703 6.19649 2.25491 12.6519 49.9589 57.7192 6.03647 40.7603 -41.0547 16.7412 19.1323 -18.9833 74.3093 37.63 -5.87508 11.543 -10.973 -1.50684 -0.85283 4.62022 -3.05954 6.03647 61.2781 43.8041 -36.4337 -40.2986 -16.5994 -30.9785 -71.9511 35.8187 -27.2943 3.06199 -196.916 50.8656 -3.32376 -10.5826 3.0043 40.7603 43.8041 633.209 -5.31292 -10.8956 15.5599 23.9351 27.7017 -47.403 58.7036 -77.8968 -21.7821 -0.319307 33.7208 -28.2547 -35.9718 -41.0547 -36.4337 -5.31292 810.469 51.4621 153.24 121.045 227.003 -67.108 125.669 -62.8438 -101.201 -12.4032 20.3862 -7.4967 36.4411 16.7412 -40.2986 -10.8956 51.4621 355.7 67.4888 14.2491 -13.5065 -48.0942 122.944 -22.6436 131.282 -25.7798 44.2997 1.00407 89.1376 19.1323 -16.5994 15.5599 153.24 67.4888 511.711 -45.4368 435.153 -27.9238 8.88196 14.5328 0.795742 54.7832 3.21689 15.8071 -27.1555 -18.9833 -30.9785 23.9351 121.045 14.2491 -45.4368 340.936 131.473 -24.8358 114.352 -32.3362 485.074 -7.89179 67.1288 20.6683 213.404 74.3093 -71.9511 27.7017 227.003 -13.5065 435.153 131.473 2156.5 -111.916 -123.757 84.3354 21.0791 -1.3179 -10.8795 25.3245 10.8849 37.63 35.8187 -47.403 -67.108 -48.0942 -27.9238 -24.8358 -111.916 215.75 -34.4357 30.4944 -136.244 39.9327 9.16255 -6.6158 -25.7934 -5.87508 -27.2943 58.7036 125.669 122.944 8.88196 114.352 -123.757 -34.4357 199.412 -62.6027 81.8068 -18.6754 0.680179 20.8028 25.5387 11.543 3.06199 -77.8968 -62.8438 -22.6436 14.5328 -32.3362 84.3354 30.4944 -62.6027 55.075
247.314 -15.1144 9.55448 -20.8811 30.3262 18.9131 -49.5885 36.1794 -37.8687 46.7944 146.961 -96.9804 139.943 -83.2236 -30.5409 9.60957 -15.1144 49.0436 -5.13344 9.45894 -0.318116 -0.572049 11.2276 4.22769 -44.1832 -23.6275 -45.1539 29.4301 24.5714 4.14823 10.1955 10.6594 9.55448 -5.13344 27.1208 4.04346 10.007 1.17674 -0.712919 2.14451 69.2073 10.6025 27.0591 -8.21036 60.062 4.72327 12.5364 1.98108 -20.8811 9.45894 4.04346 25.6374 0.562032 -5.81592 12.0046 1.46239 -11.493 -9.55657 -13.4725 15.3846 -31.3775 22.8904 18.9006 5.97731 30.3262 -0.318116 10.007 0.562032 75.139 20.1625 -11.6792 -6.50512 -15.2591 84.0379 59.6525 -0.638519 217.151 -19.5892 -17.1615 3.88946 18.9131 -0.572049 1.17674 -5.81592 20.1625 34.126 -16.0334 8.60529 20.4228 45.7238 -14.0685 -27.2198 100.018 -29.938 -12.1332 -3.91117 -49.5885 11.2276 -0.712919 12.0046 -11.6792 -16.0334 55.4985 -3.60117 -7.28549 -55.3519 -30.8912 48.2353 -54.4577 31.5543 9.89798 8.72888 36.1794 4.22769 2.14451 1.46239 -6.50512 8.60529 -3.60117 414.712 -92.265 -46.0255 2.8392 -21.4159 -35.3391 8.56131 52.6426 18.6627 -37.8687 -44.1832 69.2073 -11.493 -15.2591 20.4228 -7.28549 -92.265 877.739 42.0287 -46.9953 -82.054 255.629 40.8176 30.8777 -37.9888 46.7944 -23.6275 10.6025 -9.55657 84.0379 45.7238 -55.3519 -46.0255 42.0287 384.168 78.1782 -87.2123 195.727 -48.9901 -22.3014 -10.9407 146.961 -45.1539 27.0591 -13.4725 59.6525 -14.0685 -30.8912 2.8392 -46.9953 78.1782 518.245 -96.7737 103.794 -135.915 -15.5907 14.2578 -96.9804 29.4301 -8.21036 15.3846 -0.638519 -27.2198 48.2353 -21.4159 -82.054 -87.2123 -96.7737 232.291 -46.8818 85.9151 14.9619 2.21473 139.943 24.5714 60.062 -31.3775 217.151 100.018 -54.4577 -35.3391 255.629 195.727 103.794 -46.8818 1803.29 -195.854 -128.682 3.86475 -83.2236 4.14823 4.72327 22.8904 -19.5892 -29.938 31.5543 8.56131 40.8176 -48.9901 -135.915 85.9151 -195.854 247.794 39.8183 -2.43166 -30.5409 10.1955 12.5364 18.9006 -17.1615 -12.1332 9.89798 52.6426 30.8777 -22.3014 -15.5907 14.9619 -128.682 39.8183 76.1627 4.97242 9.60957 10.6594 1.98108 5.97731 3.88946 -3.91117 8.72888 18.6627 -37.9888 -10.9407 14.2578 2.21473 3.86475 -2.43166 4.97242 18.7003
309.409 -2.12497 -8.29637 -26.5077 -5.93737 37.0395 -17.8257 -148.174 -19.7257 45.749 287.791 -115.581 -40.397 -88.4223 -76.4517 -4.17953 -2.12497 31.7749 -5.33661 -5.68659 -20.5717 -1.13175 -7.71344 22.0262 -52.238 -18.4757 -42.1207 18.8057 -30.8389 -10.7001 17.9288 -0.68984 -8.29637 -5.33661 31.5884 6.30268 14.8537 -2.29712 4.84007 15.4951 -16.2916 63.1344 -19.2764 11.2004 18.2189 -1.33716 -1.58883 9.57529 -26.5077 -5.68659 6.30268 31.1276 11.2213 -8.30506 7.21735 9.99813 -39.8714 14.5877 -26.2791 0.48697 55.1826 41.5629 -0.396166 -2.85791 -5.93737 -20.5717 14.8537 11.2213 71.9467 5.44694 19.8407 -39.4116 53.3187 60.3797 25.1379 6.77722 6.01806 -15.9275 -21.7822 18.1348 37.0395 -1.13175 -2.29712 -8.30506 5.44694 44.0431 -34.9836 -20.9076 1.90677 14.4895 98.4246 -44.7127 -76.8166 -49.7704 -0.873506 -1.31249 -17.8257 -7.71344 4.84007 7.21735 19.8407 -34.9836 101.532 22.1997 -4.574 10.7053 -57.9154 63.3077 57.3316 -7.19438 -30.2744 22.1822 -148.174 22.0262 15.4951 9.99813 -39.4116 -20.9076 22.1997 630.596 -164.585 -9.89064 -298.816 64.2102 -87.4113 16.0561 115.886 31.1047 -19.7257 -52.238 -16.2916 -39.8714 53.3187 1.90677 -4.574 -164.585 954.953 -94.9762 44.9441 34.5313 -144.337 34.0358 -85.2015 -33.9767 45.749 -18.4757 63.1344 14.5877 60.3797 14.4895 10.7053 -9.89064 -94.9762 405.507 98.2088 -17.592 -62.9404 -86.7984 -17.8884 39.5056 287.791 -42.1207 -19.2764 -26.2791 25.1379 98.4246 -57.9154 -298.816 44.9441 98.2088 749.948 -211.191 -131.545 -245.274 -155.813 -0.255164 -115.581 18.8057 11.2004 0.48697 6.77722 -44.7127 63.3077 64.2102 34.5313 -17.592 -211.191 268.248 66.7407 7.60348 9.0277 20.7808 -40.397 -30.8389 18.2189 55.1826 6.01806 -76.8166 57.3316 -87.4113 -144.337 -62.9404 -131.545 66.7407 1085.24 169.18 -50.1537 -36.4136 -88.4223 -10.7001 -1.33716 41.5629 -15.9275 -49.7704 -7.19438 16.0561 34.0358 -86.7984 -245.274 7.60348 169.18 367.237 58.6514 -37.8747 -76.4517 17.9288 -1.58883 -0.396166 -21.7822 -0.873506 -30.2744 115.886 -85.2015 -17.8884 -155.813 9.0277 -50.1537 58.6514 136.736 -0.415145 -4.17953 -0.68984 9.57529 -2.85791 18.1348 -1.31249 22.1822 31.1047 -33.9767 39.5056 -0.255164 20.7808 -36.4136 -37.8747 -0.415145 32.9578
357.244 1.61802 -1.21098 -14.7078 3.45488 11.7525 13.9335 -70.567 -92.069 155.795 99.2488 -69.0788 84.6526 -72.9224 -56.3385 56.8455 1.61802 38.8784 0.834618 5.96349 -2.87733 7.11621 -8.3329 -1.56851 -100.525 9.73123 -28.2227 -19.7395 17.2247 -8.99494 0.834629 -4.56445 -1.21098 0.834618 21.1717 8.76758 4.03425 3.31379 -1.47583 8.62982 -53.837 25.908 -23.0378 -10.5612 5.42028 -9.56285 2.8235 2.4729 -14.7078 5.96349 8.76758 43.3715 -1.99489 -14.7591 0.575932 32.2257 33.4401 -19.0274 -44.3989 25.7434 79.0418 51.0138 14.9167 -10.5528 3.45488 -2.87733 4.03425 -1.99489 35.3195 10.6667 -8.86259 -55.5303 6.94706 42.2775 24.2706 -37.9713 -22.2328 -1.03612 -12.5352 -1.28913 11.7525 7.11621 3.31379 -14.7591 10.6667 50.8784 -24.5632 -68.9978 -100.483 73.923 23.862 -76.2814 -16.6201 -54.5413 -38.1383 -12.9551 13.9335 -8.3329 -1.47583 0.575932 -8.86259 -24.5632 99.0281 33.8806 45.932 -31.6543 2.00483 100.22 40.8301 -26.9986 -11.7828 21.8571 -70.567 -1.56851 8.62982 32.2257 -55.5303 -68.9978 33.8806 488.021 -38.7519 -88.3523 -95.6416 124.883 -121.079 -61.5717 97.9941 29.4391 -92.069 -100.525 -53.837 33.4401 6.94706 -100.483 45.932 -38.7519 1189.89 -268.295 112.06 307.926 304.556 262.912 -15.1193 -33.4088 155.795 9.73123 25.908 -19.0274 42.2775 73.923 -31.6543 -88.3523 -268.295 592.893 93.3067 -152.682 -13.7914 -266.226 -138.115 8.01163 99.2488 -28.2227 -23.0378 -44.3989 24.2706 23.862 2.00483 -95.6416 112.06 93.3067 283.809 -37.8773 -33.7888 -93.804 -82.03 21.6997 -69.0788 -19.7395 -10.5612 25.7434 -37.9713 -76.2814 100.22 124.883 307.926 -152.682 -37.8773 331.251 201.485 68.8987 26.9347 10.8365 84.6526 17.2247 5.42028 79.0418 -22.2328 -16.6201 40.8301 -121.079 304.556 -13.7914 -33.7888 201.485 1437.1 89.9897 -84.7732 -27.117 -72.9224 -8.99494 -9.56285 51.0138 -1.03612 -54.5413 -26.9986 -61.5717 262.912 -266.226 -93.804 68.8987 89.9897 477.715 70.1125 -31.9418 -56.3385 0.834629 2.8235 14.9167 -12.5352 -38.1383 -11.7828 97.9941 -15.1193 -138.115 -82.03 26.9347 -84.7732 70.1125 146.766 20.0888 56.8455 -4.56445 2.4729 -10.5528 -1.28913 -12.9551 21.8571 29.4391 -33.4088 8.01163 21.6997 10.8365 -27.117 -31.9418 20.0888 47.0946
273.871 45.9991 12.632 -36.9064 34.0913 16.171 -46.0421 -58.6285 -162.725 141.893 25.3968 -82.4773 -178.123 -103.63 -43.574 9.14477 45.9991 44.6873 1.24152 -20.5076 8.83072 2.08711 -19.8749 2.87611 -87.7905 31.8704 43.644 -40.2885 -34.6647 0.735917 -6.45599 6.89768 12.632 1.24152 33.2416 12.791 -5.28021 -5.05068 -6.53553 23.2407 -9.24048 -24.2782 -9.38584 9.96442 53.5155 -1.48342 9.45671 -3.55984 -36.9064 -20.5076 12.791 56.9678 -11.7621 -4.65062 4.13116 -1.75911 81.3112 -59.5458 -48.9225 42.4275 78.2648 29.5985 29.9594 -13.9321 34.0913 8.83072 -5.28021 -11.7621 43.4431 11.0194 -6.99647 -47.8881 -100.778 99.5192 50.0057 -53.3379 -92.4248 -23.7025 -12.918 8.36215 16.171 2.08711 -5.05068 -4.65062 11.0194 22.8518 -4.42803 -29.1122 -53.1085 56.4604 22.5993 -47.099 -48.2042 -34.7547 -17.4305 2.6565 -46.0421 -19.8749 -6.53553 4.13116 -6.99647 -4.42803 53.6075 9.00307 64.0884 18.7315 -14.4274 11.1083 -21.8765 9.49994 4.95781 4.61829 -58.6285 2.87611 23.2407 -1.75911 -47.8881 -29.1122 9.00307 354.777 159.266 -117.446 -25.9586 137.088 -29.6163 60.6451 50.9593 -2.95666 -162.725 -87.7905 -9.24048 81.3112 -100.778 -53.1085 64.0884 159.266 1473.8 -465.322 -310.4 326.547 324.372 280.946 105.684 -114.433 141.893 31.8704 -24.2782 -59.5458 99.5192 56.4604 18.7315 -117.446 -465.322 725.166 322.3 -285.381 -607.395 -115.437 -54.0827 66.3722 25.3968 43.644 -9.38584 -48.9225 50.0057 22.5993 -14.4274 -25.9586 -310.4 322.3 435.595 -108.269 -228.478 25.8679 -38.291 33.7484 -82.4773 -40.2885 9.96442 42.4275 -53.3379 -47.099 11.1083 137.088 326.547 -285.381 -108.269 403.741 55.9057 81.6248 75.179 -19.1586 -178.123 -34.6647 53.5155 78.2648 -92.4248 -48.2042 -21.8765 -29.6163 324.372 -607.395 -228.478 55.9057 1706.71 93.66 -6.34414 -121.064 -103.63 0.735917 -1.48342 29.5985 -23.7025 -34.7547 9.49994 60.6451 280.946 -115.437 25.8679 81.6248 93.66 344.489 81.7916 -13.3068 -43.574 -6.45599 9.45671 29.9594 -12.918 -17.4305 4.95781 50.9593 105.684 -54.0827 -38.291 75.179 -6.34414 81.7916 83.7109 5.84734 9.14477 6.89768 -3.55984 -13.9321 8.36215 2.6565 4.61829 -2.95666 -114.433 66.3722 33.7484 -19.1586 -121.064 -13.3068 5.84734 36.7328
230.795 35.1847 -52.6744 3.43205 76.9304 25.3145 10.0248 -44.0312 -33.3064 52.2548 108.615 -22.2167 -140.996 69.4908 -27.2798 -16.4112 35.1847 58.9514 -25.4391 9.01883 6.92387 6.62497 8.92443 -23.1238 65.1395 12.6427 69.5092 26.094 -62.3226 38.0561 -20.7786 -9.64909 -52.6744 -25.4391 56.909 17.0857 -35.5199 -15.8614 -18.3196 62.7272 -34.6851 -58.0051 -71.7139 22.776 89.2821 -22.4289 39.9605 16.4649 3.43205 9.01883 17.0857 56.6573 -32.8539 -3.67914 -1.40424 47.8292 71.4246 -32.9297 -24.5662 62.3711 40.6382 -3.75426 32.3307 5.24534 76.9304 6.92387 -35.5199 -32.8539 115.524 23.9917 0.925388 -96.084 -167.531 88.6936 115.435 -74.1899 -35.7404 39.4293 -38.2274 -10.6504 25.3145 6.62497 -15.8614 -3.67914 23.9917 27.5892 4.20018 -38.4252 -77.0002 53.0468 49.4011 -25.9617 -37.9892 -35.6386 -41.9619 -12.94 10.0248 8.92443 -18.3196 -1.40424 0.925388 4.20018 61.8119 1.55576 69.3036 38.7509 -8.10951 -7.77866 -46.8783 -4.19394 0.621032 -5.4332 -44.0312 -23.1238 62.7272 47.8292 -96.084 -38.4252 1.55576 387.844 263.066 -170.285 -146.703 54.905 75.6268 -5.87218 79.6334 17.7152 -33.3064 65.1395 -34.6851 71.4246 -167.531 -77.0002 69.3036 263.066 1593.38 -277.551 -285.945 209.567 84.154 202.209 79.5273 -36.8912 52.2548 12.6427 -58.0051 -32.9297 88.6936 53.0468 38.7509 -170.285 -277.551 327.144 194.34 -84.8061 -150.048 -37.9622 -101.899 -5.44722 108.615 69.5092 -71.7139 -24.5662 115.435 49.4011 -8.10951 -146.703 -285.945 194.34 606.613 -53.6299 9.42663 121.158 -115.179 -17.796 -22.2167 26.094 22.776 62.3711 -74.1899 -25.9617 -7.77866 54.905 209.567 -84.8061 -53.6299 313.425 123.467 38.8787 70.0418 35.2006 -140.996 -62.3226 89.2821 40.6382 -35.7404 -37.9892 -46.8783 75.6268 84.154 -150.048 9.42663 123.467 1184.14 30.0749 65.4376 6.72725 69.4908 38.0561 -22.4289 -3.75426 39.4293 -35.6386 -4.19394 -5.87218 202.209 -37.9622 121.158 38.8787 30.0749 378.634 102.226 21.1703 -27.2798 -20.7786 39.9605 32.3307 -38.2274 -41.9619 0.621032 79.6334 79.5273 -101.899 -115.179 70.0418 65.4376 102.226 198.279 37.4142 -16.4112 -9.64909 16.4649 5.24534 -10.6504 -12.94 -5.4332 17.7152 -36.8912 -5.44722 -17.796 35.2006 6.72725 21.1703 37.4142 36.7965
466.902 84.3033 2.34534 24.3305 83.6261 6.06416 3.40153 333.58 -187.254 -309.441 201.852 -195.303 -235.969 -160.325 25.8526 -55.3153 84.3033 69.7387 4.14476 18.2258 13.3448 -3.66145 -6.03578 131.529 -91.2678 -158.422 79.9229 -55.0008 37.564 -64.8748 27.3992 -9.43201 2.34534 4.14476 50.1993 -1.8977 -35.1764 -21.8732 7.66402 -5.94432 -24.3003 -23.2824 -31.8227 -20.3824 22.3918 0.594343 -0.531117 5.4577 24.3305 18.2258 -1.8977 37.3936 1.80133 0.189876 4.86846 66.3772 -4.20515 -40.5322 9.51114 0.432206 14.7556 -17.8824 -5.9854 -1.56162 83.6261 13.3448 -35.1764 1.80133 97.7761 36.4213 -10.8903 33.7891 -106.947 -11.1211 139.681 -87.7316 -59.7487 -24.0806 -17.012 -25.8984 6.06416 -3.66145 -21.8732 0.189876 36.4213 30.7682 -3.58256 -25.826 -6.91496 35.6655 18.7376 -11.2815 -0.641507 3.17142 -25.7823 -8.5743 3.40153 -6.03578 7.66402 4.86846 -10.8903 -3.58256 60.5652 -11.2036 104.06 10.6728 -54.3036 59.6859 -72.2879 -12.982 -9.21987 9.3509 333.58 131.529 -5.94432 66.3772 33.7891 -25.826 -11.2036 715.612 -156.985 -437.242 171.591 -98.3193 -50.7663 -171.813 107.171 -31.4827 -187.254 -91.2678 -24.3003 -4.20515 -106.947 -6.91496 104.06 -156.985 1050.37 205.839 -351.678 477.711 -165.952 30.683 -49.4249 38.8012 -309.441 -158.422 -23.2824 -40.5322 -11.1211 35.6655 10.6728 -437.242 205.839 766.504 -162.961 143.272 -254.08 255.065 -105.212 52.8209 201.852 79.9229 -31.8227 9.51114 139.681 18.7376 -54.3036 171.591 -351.678 -162.961 612.026 -208.788 -173.762 -66.9772 47.637 -54.9873 -195.303 -55.0008 -20.3824 0.432206 -87.7316 -11.2815 59.6859 -98.3193 477.711 143.272 -208.788 419.407 -61.5053 53.408 2.62743 50.6106 -235.969 37.564 22.3918 14.7556 -59.7487 -0.641507 -72.2879 -50.7663 -165.952 -254.08 -173.762 -61.5053 1678.91 17.0586 3.22834 49.6444 -160.325 -64.8748 0.594343 -17.8824 -24.0806 3.17142 -12.982 -171.813 30.683 255.065 -66.9772 53.408 17.0586 262.422 -24.2611 40.1043 25.8526 27.3992 -0.531117 -5.9854 -17.012 -25.7823 -9.21987 107.171 -49.4249 -105.212 47.637 2.62743 3.22834 -24.2611 131.03 7.81985 -55.3153 -9.43201 5.4577 -1.56162 -25.8984 -8.5743 9.3509 -31.4827 38.8012 52.8209 -54.9873 50.6106 49.6444 40.1043 7.81985 38.2536
384.892 92.1348 -14.2465 31.8803 79.7675 23.7588 20.8858 301.502 -153.927 -344.171 165.369 -383.795 143.692 -267.577 43.1681 -66.2408 92.1348 106.516 16.253 30.3457 37.6676 -0.95845 8.89518 198.151 -91.8647 -240.74 55.4842 -176.85 38.1596 -112.103 20.2126 -18.9841 -14.2465 16.253 35.015 6.75053 -11.9818 -13.2712 -9.34225 5.68225 32.1816 -45.2349 -18.4113 0.465854 26.5505 29.6155 -0.396375 -5.95121 31.8803 30.3457 6.75053 45.6681 16.4112 0.767579 16.6546 81.6082 -26.0794 -52.1875 13.3743 -50.373 -82.8217 -36.0779 15.8305 1.86296 79.7675 37.6676 -11.9818 16.4112 90.3484 12.1142 2.42487 113.977 -126.819 -115.759 68.5924 -84.3385 -53.4216 -127.051 49.6127 -18.9035 23.7588 -0.95845 -13.2712 0.767579 12.1142 25.2929 5.47438 32.454 -16.8339 22.9501 2.46263 -17.9417 21.995 -25.0011 9.16967 -3.32571 20.8858 8.89518 -9.34225 16.6546 2.42487 5.47438 49.1907 0.432637 -10.8114 -2.74738 10.4604 -10.6835 -93.4676 -24.7247 1.05583 6.00917 301.502 198.151 5.68225 81.6082 113.977 32.454 0.432637 1042.22 -197.767 -525.527 -40.8353 -495.187 360.568 -261.94 100.047 -9.2945 -153.927 -91.8647 32.1816 -26.0794 -126.819 -16.8339 -10.8114 -197.767 719.704 315.814 -269.557 352.028 373.312 312.682 50.6712 74.0963 -344.171 -240.74 -45.2349 -52.1875 -115.759 22.9501 -2.74738 -525.527 315.814 997.752 -262.522 568.2 -87.2944 325.168 8.57848 104.223 165.369 55.4842 -18.4113 13.3743 68.5924 2.46263 10.4604 -40.8353 -269.557 -262.522 526.02 -302.472 -91.2466 -186.595 -4.78734 -90.569 -383.795 -176.85 0.465854 -50.373 -84.3385 -17.9417 -10.6835 -495.187 352.028 568.2 -302.472 810.696 -145.223 301.733 22.7047 132.729 143.692 38.1596 26.5505 -82.8217 -53.4216 21.995 -93.4676 360.568 373.312 -87.2944 -91.2466 -145.223 2307.89 245.477 204.953 -3.28125 -267.577 -112.103 29.6155 -36.0779 -127.051 -25.0011 -24.7247 -261.94 312.682 325.168 -186.595 301.733 245.477 511.414 -49.4379 23.6065 43.1681 20.2126 -0.396375 15.8305 49.6127 9.16967 1.05583 100.047 50.6712 8.57848 -4.78734 22.7047 204.953 -49.4379 171.764 29.3301 -66.2408 -18.9841 -5.95121 1.86296 -18.9035 -3.32571 6.00917 -9.2945 74.0963 104.223 -90.569 132.729 -3.28125 23.6065 29.3301 74.4909
273.153 67.8959 7.67031 -19.4009 -25.2814 -40.3908 56.0087 8.58813 -86.1697 -173.991 119.656 -188.747 -124.9 -66.611 -6.58714 -7.19308 67.8959 94.1931 -3.53818 8.11925 35.8656 -24.9536 11.1911 95.8955 -65.5082 -84.7365 59.744 -79.1124 -79.5333 -110.15 18.9762 8.81285 7.67031 -3.53818 33.2641 7.72651 -18.8351 -6.48202 14.9931 -6.024 -35.0185 -28.1749 7.42967 2.85559 -62.9559 0.704272 -3.00983 1.78509 -19.4009 8.11925 7.72651 25.8982 6.4668 0.197136 -9.12991 7.34372 -4.08589 6.19524 -14.759 10.6601 27.154 -37.5808 11.6203 1.77432 -25.2814 35.8656 -18.8351 6.4668 114.032 16.1544 -70.6658 193.287 49.6918 42.8756 -42.1574 -10.1585 160.829 -99.3114 30.146 -10.178 -40.3908 -24.9536 -6.48202 0.197136 16.1544 35.7059 -32.9943 23.9506 55.3691 75.7172 -55.0178 18.5444 131.936 10.8854 -7.25597 -10.4221 56.0087 11.1911 14.9931 -9.12991 -70.6658 -32.9943 118.075 -100.986 -113.565 -100.726 86.4928 4.24738 -285.826 55.0769 -29.6465 24.2634 8.58813 95.8955 -6.024 7.34372 193.287 23.9506 -100.986 820.841 -95.9042 13.19 -66.0604 -99.3764 246.359 -190.429 72.3559 -12.2195 -86.1697 -65.5082 -35.0185 -4.08589 49.6918 55.3691 -113.565 -95.9042 561.417 130.691 -161 -14.4831 779.089 55.5057 20.3213 -53.7692 -173.991 -84.7365 -28.1749 6.19524 42.8756 75.7172 -100.726 13.19 130.691 434.915 -250.879 120.427 349.862 0.763388 4.50921 15.9891 119.656 59.744 7.42967 -14.759 -42.1574 -55.0178 86.4928 -66.0604 -161 -250.879 447.914 -109.26 -538.981 52.1235 -0.746352 -5.90269 -188.747 -79.1124 2.85559 10.6601 -10.1585 18.5444 4.24738 -99.3764 -14.4831 120.427 -109.26 462.484 -71.9225 129.726 26.4496 49.0817 -124.9 -79.5333 -62.9559 27.154 160.829 131.936 -285.826 246.359 779.089 349.862 -538.981 -71.9225 2794.45 -73.19 61.126 -113.379 -66.611 -110.15 0.704272 -37.5808 -99.3114 10.8854 55.0769 -190.429 55.5057 0.763388 52.1235 129.726 -73.19 398.225 -62.6746 -14.5572 -6.58714 18.9762 -3.00983 11.6203 30.146 -7.25597 -29.6465 72.3559 20.3213 4.50921 -0.746352 26.4496 61.126 -62.6746 114.673 12.7301 -7.19308 8.81285 1.78509 1.77432 -10.178 -10.4221 24.2634 -12.2195 -53.7692 15.9891 -5.90269 49.0817 -113.379 -14.5572 12.7301 41.399
227.774 32.3489 12.5802 -17.9083 8.65907 -20.2125 -1.55027 106.065 75.2914 37.3857 -20.471 -22.961 142.161 -79.9356 1.72867 2.03385 32.3489 37.3282 8.14127 -13.9483 -2.95537 -7.4221 0.236783 18.0892 45.9342 12.8184 -20.9736 -28.8242 -45.3069 -27.5756 -11.3665 5.00178 12.5802 8.14127 27.7636 -11.9626 -8.26514 -10.0113 3.90515 0.0254303 -13.2484 -1.42908 -9.79479 -6.64755 -17.404 -36.7574 -25.4915 1.10144 -17.9083 -13.9483 -11.9626 67.6832 30.9814 0.246095 1.82829 9.64455 11.9606 -64.1685 1.07226 30.9997 133.438 8.11019 25.1141 -14.4751 8.65907 -2.95537 -8.26514 30.9814 75.4497 5.64839 -21.4577 30.9467 71.8887 -30.8953 -31.766 46.9295 213.125 -60.6747 55.0075 -14.0789 -20.2125 -7.4221 -10.0113 0.246095 5.64839 29.4714 -14.4393 -4.97243 66.9871 37.4036 -26.3979 49.7799 14.1332 5.44514 19.9359 5.84149 -1.55027 0.236783 3.90515 1.82829 -21.4577 -14.4393 69.4949 -6.53609 -152.6 -46.4021 46.0538 -26.906 -57.5338 48.7001 -37.5103 -8.24103 106.065 18.0892 0.0254303 9.64455 30.9467 -4.97243 -6.53609 354.413 142.256 11.1771 -100.598 -62.2961 56.9164 -23.201 32.1899 3.91741 75.2914 45.9342 -13.2484 11.9606 71.8887 66.9871 -152.6 142.256 1213.15 308.215 -343.409 201.715 -174.078 -134.885 160.406 36.7342 37.3857 12.8184 -1.42908 -64.1685 -30.8953 37.4036 -46.4021 11.1771 308.215 328.549 -159.142 36.0564 -151.636 -34.2069 -13.5942 46.1299 -20.471 -20.9736 -9.79479 1.07226 -31.766 -26.3979 46.0538 -100.598 -343.409 -159.142 417.795 -36.325 -103.536 158.258 -18.9299 -30.8754 -22.961 -28.8242 -6.64755 30.9997 46.9295 49.7799 -26.906 -62.2961 201.715 36.0564 -36.325 356.347 164.442 -47.3134 102.166 -13.5363 142.161 -45.3069 -17.404 133.438 213.125 14.1332 -57.5338 56.9164 -174.078 -151.636 -103.536 164.442 2699.4 -366.739 78.3292 -48.3666 -79.9356 -27.5756 -36.7574 8.11019 -60.6747 5.44514 48.7001 -23.201 -134.885 -34.2069 158.258 -47.3134 -366.739 400.681 13.6841 -6.48771 1.72867 -11.3665 -25.4915 25.1141 55.0075 19.9359 -37.5103 32.1899 160.406 -13.5942 -18.9299 102.166 78.3292 13.6841 148.451 -9.41346 2.03385 5.00178 1.10144 -14.4751 -14.0789 5.84149 -8.24103 3.91741 36.7342 46.1299 -30.8754 -13.5363 -48.3666 -6.48771 -9.41346 21.8036
214.359 0.705214 -15.2327 -54.7318 -46.9309 -14.1767 -10.9933 -4.22756 -14.5749 122.056 71.7946 9.25377 -186.004 30.5945 -43.0477 21.9638 0.705214 38.103 1.1871 -7.48262 -1.43897 -1.33615 -22.1473 16.6035 90.7514 6.81049 -9.67848 -57.8021 -34.4018 19.0709 17.9169 7.00911 -15.2327 1.1871 23.7876 0.519187 7.79921 1.04658 0.350842 9.00134 31.1549 -13.993 2.34521 1.46962 -1.37768 -3.57317 11.0311 1.47528 -54.7318 -7.48262 0.519187 72.6967 21.905 5.46154 44.4617 -34.9193 -131.745 -111.805 -24.1691 32.0211 269.743 -38.9665 -30.3737 -19.804 -46.9309 -1.43897 7.79921 21.905 68.3622 8.00597 -8.60888 13.8899 23.9367 -67.818 0.437686 2.13419 95.2287 -58.0793 32.2749 -6.52437 -14.1767 -1.33615 1.04658 5.46154 8.00597 17.7499 -1.71413 -0.174796 5.84442 -18.4705 -27.6732 -6.34313 -15.7018 -13.0584 15.3033 -3.92926 -10.9933 -22.1473 0.350842 44.4617 -8.60888 -1.71413 133.353 -62.2691 -258.126 -71.1032 -18.3782 56.5097 262.494 -2.83549 -77.1408 -22.0856 -4.22756 16.6035 9.00134 -34.9193 13.8899 -0.174796 -62.2691 279.343 190.835 -7.08038 38.5722 -52.6142 -139.026 -43.5768 67.8672 21.5229 -14.5749 90.7514 31.1549 -131.745 23.9367 5.84442 -258.126 190.835 1288.07 138.36 -17.6793 -157.25 -740.665 162.722 230.858 63.2787 122.056 6.81049 -13.993 -111.805 -67.818 -18.4705 -71.1032 -7.08038 138.36 448.459 8.01242 -6.58562 -323.84 117.817 -35.1898 39.9352 71.7946 -9.67848 2.34521 -24.1691 0.437686 -27.6732 -18.3782 38.5722 -17.6793 8.01242 322.903 -0.789616 -185.708 -23.6998 -46.1849 7.78806 9.25377 -57.8021 1.46962 32.0211 2.13419 -6.34313 56.5097 -52.6142 -157.25 -6.58562 -0.789616 262.093 144.081 -27.9593 -45.681 -18.0297 -186.004 -34.4018 -1.37768 269.743 95.2287 -15.7018 262.494 -139.026 -740.665 -323.84 -185.708 144.081 2430.67 -234.989 -221.825 -31.2596 30.5945 19.0709 -3.57317 -38.9665 -58.0793 -13.0584 -2.83549 -43.5768 162.722 117.817 -23.6998 -27.9593 -234.989 327.175 -8.71794 -3.92335 -43.0477 17.9169 11.0311 -30.3737 32.2749 15.3033 -77.1408 67.8672 230.858 -35.1898 -46.1849 -45.681 -221.825 -8.71794 159.716 8.68357 21.9638 7.00911 1.47528 -19.804 -6.52437 -3.92926 -22.0856 21.5229 63.2787 39.9352 7.78806 -18.0297 -31.2596 -3.92335 8.68357 19.9353
95.0974 -0.61163 4.59194 -4.39089 -2.01005 10.4814 -12.7116 11.7085 -15.2463 28.4175 16.6384 -16.1291 37.3736 -75.0598 -10.6871 -0.648062 -0.61163 32.1831 3.78711 -1.6178 -11.6633 9.14878 -6.7751 33.2722 -35.2392 -14.5541 -15.7734 -43.0558 -34.7613 12.8538 -8.75306 -2.03937 4.59194 3.78711 23.232 -4.36148 5.38793 2.65275 -12.9264 13.7759 15.6463 7.14326 0.899565 -12.5824 62.8118 -53.8416 4.20051 4.18646 -4.39089 -1.6178 -4.36148 44.3217 -25.6295 -1.67729 51.0377 21.225 -34.2386 26.9722 -4.95279 -50.6075 51.2486 80.7831 -46.0489 -9.25694 -2.01005 -11.6633 5.38793 -25.6295 79.1352 -6.25259 -27.8361 -30.6112 123.385 17.681 -3.06871 96.5182 -137.873 -105.331 74.5229 22.7972 10.4814 9.14878 2.65275 -1.67729 -6.25259 34.6572 -29.5063 61.5647 -52.1234 -2.20513 3.575 -49.3453 39.6438 -70.2411 -22.2757 -14.0791 -12.7116 -6.7751 -12.9264 51.0377 -27.8361 -29.5063 150.977 -1.25492 5.47245 104.003 6.22339 -23.9146 37.4313 187.168 -42.5231 8.64112 11.7085 33.2722 13.7759 21.225 -30.6112 61.5647 -1.25492 433.261 -192.281 27.8223 -21.8488 -157.709 225.085 -119.34 -68.631 -30.0377 -15.2463 -35.2392 15.6463 -34.2386 123.385 -52.1234 5.47245 -192.281 650.62 101.438 -71.7665 251.024 -367.542 -7.38304 198.515 58.5113 28.4175 -14.5541 7.14326 26.9722 17.681 -2.20513 104.003 27.8223 101.438 306.182 1.11695 15.5008 44.6148 28.4753 6.04253 28.8754 16.6384 -15.7734 0.899565 -4.95279 -3.06871 3.575 6.22339 -21.8488 -71.7665 1.11695 252.88 -9.28007 91.7709 -151.249 -44.3907 5.53593 -16.1291 -43.0558 -12.5824 -50.6075 96.5182 -49.3453 -23.9146 -157.709 251.024 15.5008 -9.28007 391.579 -225.263 -29.8538 160.309 45.0246 37.3736 -34.7613 62.8118 51.2486 -137.873 39.6438 37.4313 225.085 -367.542 44.6148 91.7709 -225.263 2356.55 -307.585 -258.958 -92.5962 -75.0598 12.8538 -53.8416 80.7831 -105.331 -70.2411 187.168 -119.34 -7.38304 28.4753 -151.249 -29.8538 -307.585 782.549 -6.92449 5.56436 -10.6871 -8.75306 4.20051 -46.0489 74.5229 -22.2757 -42.5231 -68.631 198.515 6.04253 -44.3907 160.309 -258.958 -6.92449 174.477 34.7182 -0.648062 -2.03937 4.18646 -9.25694 22.7972 -14.0791 8.64112 -30.0377 58.5113 28.8754 5.53593 45.0246 -92.5962 5.56436 34.7182 29.623
229.175 -2.39538 -16.68 -8.64164 -15.118 -16.0865 12.3339 23.7795 -94.0575 -113.247 22.3664 -10.9735 -46.6908 69.1868 -50.0452 6.57214 -2.39538 38.6541 0.686541 -3.26532 12.7245 -0.924598 -12.3225 -17.492 31.5003 -24.1149 22.2497 17.8473 -41.8049 -13.6878 21.0287 3.09899 -16.68 0.686541 20.0306 -0.345621 -5.51765 -3.19658 -6.95595 18.0536 45.231 31.9755 1.16062 -10.3608 60.4139 -14.5224 14.509 -2.93798 -8.64164 -3.26532 -0.345621 27.9742 -6.94923 -2.36959 10.4067 -12.3393 -11.5981 4.33607 19.8367 -19.2692 28.692 8.35956 -25.9665 0.30024 -15.118 12.7245 -5.51765 -6.94923 53.9422 6.8384 -16.7918 -51.399 48.1932 -2.04508 -1.51424 41.4571 -164.673 -50.2253 52.1332 10.2048 -16.0865 -0.924598 -3.19658 -2.36959 6.8384 20.8765 -0.197781 0.168213 -3.47739 15.8328 -6.9411 15.0527 -16.1411 -21.3166 4.77488 -1.40715 12.3339 -12.3225 -6.95595 10.4067 -16.7918 -0.197781 103.151 16.2371 -53.0285 -11.092 10.454 2.17236 74.8357 55.953 -47.2934 7.20383 23.7795 -17.492 18.0536 -12.3393 -51.399 0.168213 16.2371 543.228 -87.5516 31.4296 -54.3715 65.3301 586.384 10.5234 -109.296 -34.8966 -94.0575 31.5003 45.231 -11.5981 48.1932 -3.47739 -53.0285 -87.5516 583.705 131.243 39.1372 -13.0415 -23.7886 -165.158 189.515 -6.39686 -113.247 -24.1149 31.9755 4.33607 -2.04508 15.8328 -11.092 31.4296 131.243 535.44 -139.374 4.68168 2.25747 -36.7235 146.046 8.0806 22.3664 22.2497 1.16062 19.8367 -1.51424 -6.9411 10.454 -54.3715 39.1372 -139.374 243.49 -12.1158 49.1873 -6.20084 -74.1471 0.709524 -10.9735 17.8473 -10.3608 -19.2692 41.4571 15.0527 2.17236 65.3301 -13.0415 4.68168 -12.1158 212.357 -127.07 -64.5896 10.6493 11.2558 -46.6908 -41.8049 60.4139 28.692 -164.673 -16.1411 74.8357 586.384 -23.7886 2.25747 49.1873 -127.07 1877.24 24.4986 -281.711 -85.8977 69.1868 -13.6878 -14.5224 8.35956 -50.2253 -21.3166 55.953 10.5234 -165.158 -36.7235 -6.20084 -64.5896 24.4986 347.317 -35.178 21.8385 -50.0452 21.0287 14.509 -25.9665 52.1332 4.77488 -47.2934 -109.296 189.515 146.046 -74.1471 10.6493 -281.711 -35.178 251.208 10.7783 6.57214 3.09899 -2.93798 0.30024 10.2048 -1.40715 7.20383 -34.8966 -6.39686 8.0806 0.709524 11.2558 -85.8977 21.8385 10.7783 27.8587
326.621 -14.9112 -12.8291 42.3547 -53.5126 -8.48896 -37.629 210.122 -81.8098 -222.833 -98.0458 87.0176 148.655 72.3833 36.3224 -3.17334 -14.9112 38.3194 -7.04708 10.0492 13.0692 10.3785 -11.1968 -51.1849 -16.5687 27.0979 17.8732 -15.1965 -74.3172 -56.7981 -0.532807 3.95012 -12.8291 -7.04708 25.5585 -13.5237 2.23687 -2.52245 4.59203 21.6577 31.6383 -19.1679 -19.6428 7.43272 -29.729 7.40504 0.122446 -7.43727 42.3547 10.0492 -13.5237 30.3849 -7.00259 7.21994 -12.8184 -8.92354 -3.35733 -11.6344 -5.21903 10.3834 19.7831 -16.0351 19.6686 6.76798 -53.5126 13.0692 2.23687 -7.00259 51.0535 4.91954 4.74566 -81.1018 38.4535 46.3603 40.291 -13.2439 -91.2508 -72.7064 -5.38758 -10.0926 -8.48896 10.3785 -2.52245 7.21994 4.91954 24.8433 1.9499 -31.9774 17.2299 2.10191 16.4181 -5.66876 -25.0448 -35.7755 17.2593 5.38264 -37.629 -11.1968 4.59203 -12.8184 4.74566 1.9499 64.6875 -63.2796 35.7317 24.1454 13.1528 -17.0832 123.478 -8.77453 -19.4814 -0.86366 210.122 -51.1849 21.6577 -8.92354 -81.1018 -31.9774 -63.2796 852.806 -188.262 -419.455 -208.895 95.2833 161.091 265.024 -41.158 -59.3629 -81.8098 -16.5687 31.6383 -3.35733 38.4535 17.2299 35.7317 -188.262 521.791 115.642 58.4568 -16.5381 -87.5002 -119.762 47.564 6.35983 -222.833 27.0979 -19.1679 -11.6344 46.3603 2.10191 24.1454 -419.455 115.642 637.259 112.393 -174.039 -100.851 -53.2851 -40.7343 49.1536 -98.0458 17.8732 -19.6428 -5.21903 40.291 16.4181 13.1528 -208.895 58.4568 112.393 281.599 -34.686 -32.3376 -121.347 7.82996 21.0215 87.0176 -15.1965 7.43272 10.3834 -13.2439 -5.66876 -17.0832 95.2833 -16.5381 -174.039 -34.686 157.053 -11.8568 6.8196 23.6216 -24.9151 148.655 -74.3172 -29.729 19.7831 -91.2508 -25.0448 123.478 161.091 -87.5002 -100.851 -32.3376 -11.8568 1610.23 295.26 -84.7916 30.414 72.3833 -56.7981 7.40504 -16.0351 -72.7064 -35.7755 -8.77453 265.024 -119.762 -53.2851 -121.347 6.8196 295.26 449.505 -63.6916 12.3745 36.3224 -0.532807 0.122446 19.6686 -5.38758 17.2593 -19.4814 -41.158 47.564 -40.7343 7.82996 23.6216 -84.7916 -63.6916 137.303 11.6557 -3.17334 3.95012 -7.43727 6.76798 -10.0926 5.38264 -0.86366 -59.3629 6.35983 49.1536 21.0215 -24.9151 30.414 12.3745 11.6557 36.6662
